8.708282789717625150e-02
5.505726782866343649e-02
7.787288918259560599e-02
1.107997933990885198e-01
1.045215261769739667e-01
2.682619445501444044e-02
7.908412487971927529e-02
7.908412487971927529e-02
7.908412487971927529e-02
1.706633198614715408e-02
6.402473255336849078e-02
8.455837600943066912e-02
9.461586687332362855e-02
9.461586687332362855e-02
1.869712773650467064e-02
6.798861612340661997e-02
9.031784688899330282e-02
9.031784688899330282e-02
8.768502224494290065e-02
7.140227739085025505e-02
3.820209064266261167e-02
5.001572705740553459e-02
6.519684070248654706e-02
3.364832548579782534e-02
8.302085952994520124e-02
6.278086335166432885e-02
8.290129662215106610e-02
1.107997933990885198e-01
1.045215261769739667e-01
1.012988636149841359e-01
4.834529201689186095e-02
7.908412487971927529e-02
7.908412487971927529e-02
8.455837600943066912e-02
8.455837600943066912e-02
8.455837600943066912e-02
9.461586687332362855e-02
9.461586687332362855e-02
9.461586687332362855e-02
9.031784688899330282e-02
9.031784688899330282e-02
9.031784688899330282e-02
8.768502224494290065e-02
8.768502224494290065e-02
8.768502224494290065e-02
7.820986875536511951e-02
7.820986875536511951e-02
6.281405493383879213e-02
9.609750773976566407e-02
4.979481133938590265e-03
8.290129662215106610e-02
5.421376659357768357e-02
7.988407673822661703e-02
1.012988636149841359e-01
6.297907881135922370e-02
7.908412487971927529e-02
7.908412487971927529e-02
6.402473255336849078e-02
7.790468385984100630e-02
7.790468385984100630e-02
9.461586687332362855e-02
7.340612803815410592e-02
9.461586687332362855e-02
9.031784688899330282e-02
9.031784688899330282e-02
9.031784688899330282e-02
8.768502224494290065e-02
8.768502224494290065e-02
8.768502224494290065e-02
2.311191665690903729e-02
6.519684070248654706e-02
6.281405493383879213e-02
4.071107200844342744e-02
6.697393652853544932e-02
8.290129662215106610e-02
1.107997933990885198e-01
1.045215261769739667e-01
1.012988636149841359e-01
7.908412487971927529e-02
7.908412487971927529e-02
4.834529201689186095e-02
7.373857814240430963e-02
8.455837600943066912e-02
8.455837600943066912e-02
5.186579356055565082e-02
7.340612803815410592e-02
9.461586687332362855e-02
9.031784688899330282e-02
6.323519824503337494e-02
9.031784688899330282e-02
8.768502224494290065e-02
8.768502224494290065e-02
8.768502224494290065e-02
5.001572705740553459e-02
6.519684070248654706e-02
6.281405493383879213e-02
4.596691107796169184e-02
9.296079941797485979e-02
8.290129662215106610e-02
1.107997933990885198e-01
1.045215261769739667e-01
1.012988636149841359e-01
7.908412487971927529e-02
7.908412487971927529e-02
7.908412487971927529e-02
8.455837600943066912e-02
8.455837600943066912e-02
8.455837600943066912e-02
5.186579356055565082e-02
9.461586687332362855e-02
9.461586687332362855e-02
9.031784688899330282e-02
9.031784688899330282e-02
9.031784688899330282e-02
8.768502224494290065e-02
8.768502224494290065e-02
8.768502224494290065e-02
7.820986875536511951e-02
7.820986875536511951e-02
3.364832548579782534e-02
1.694135385163075824e-02
9.296079941797485979e-02
8.290129662215106610e-02
1.107997933990885198e-01
-2.522814223292346725e-02
1.116498190714501626e-01
8.046885909192097452e-02
4.982352903089587448e-02
7.060537964560364976e-02
8.964380944319128020e-02
6.838748130261740332e-02
8.964380944319128020e-02
9.654205424074452369e-02
9.654205424074452369e-02
9.654205424074452369e-02
8.729877745825764812e-02
8.729877745825764812e-02
8.729877745825764812e-02
8.240403686921771165e-02
8.240403686921771165e-02
8.240403686921771165e-02
6.989812535604322807e-02
8.284716883147097422e-02
6.761115926983884972e-02
9.111878582045107589e-02
9.111878582045107589e-02
8.101422546649650336e-02
1.088316620096330678e-01
1.019603179275058169e-01
1.116498190714501626e-01
8.046885909192097452e-02
8.046885909192097452e-02
8.046885909192097452e-02
4.425775915122265314e-02
8.306678516278609425e-02
8.964380944319128020e-02
9.654205424074452369e-02
9.654205424074452369e-02
9.654205424074452369e-02
8.729877745825764812e-02
8.729877745825764812e-02
8.729877745825764812e-02
8.240403686921771165e-02
8.240403686921771165e-02
8.240403686921771165e-02
8.284716883147097422e-02
8.284716883147097422e-02
6.761115926983884972e-02
2.207996931533467988e-02
9.111878582045107589e-02
8.101422546649650336e-02
1.088316620096330678e-01
1.019603179275058169e-01
1.116498190714501626e-01
4.982352903089587448e-02
7.060537964560364976e-02
8.046885909192097452e-02
8.964380944319128020e-02
8.964380944319128020e-02
8.964380944319128020e-02
9.654205424074452369e-02
5.397971913712940051e-02
8.255480418530231068e-02
6.098127894594296272e-02
8.729877745825764812e-02
8.729877745825764812e-02
8.240403686921771165e-02
5.123605322435237364e-02
6.929757465762698132e-02
8.284716883147097422e-02
6.996921238578907021e-02
6.761115926983884972e-02
9.426954378469615259e-02
7.107735612155030580e-02
7.596329526760492445e-02
1.088316620096330678e-01
1.019603179275058169e-01
1.116498190714501626e-01
8.046885909192097452e-02
6.237029785539760507e-02
8.046885909192097452e-02
8.964380944319128020e-02
8.964380944319128020e-02
8.964380944319128020e-02
9.654205424074452369e-02
9.654205424074452369e-02
9.654205424074452369e-02
8.729877745825764812e-02
8.729877745825764812e-02
8.729877745825764812e-02
8.240403686921771165e-02
5.470919251961481322e-02
8.240403686921771165e-02
8.284716883147097422e-02
8.284716883147097422e-02
6.761115926983884972e-02
9.426954378469615259e-02
6.705437940378083939e-02
8.101422546649650336e-02
6.629269616782484942e-02
9.904101156246825077e-02
1.116498190714501626e-01
8.046885909192097452e-02
5.955295921229658562e-02
8.046885909192097452e-02
8.964380944319128020e-02
8.964380944319128020e-02
8.964380944319128020e-02
9.654205424074452369e-02
8.007630104407598148e-02
9.654205424074452369e-02
8.729877745825764812e-02
8.729877745825764812e-02
6.098127894594296272e-02
8.240403686921771165e-02
8.240403686921771165e-02
5.334950697969959021e-02
5.494567447256248904e-02
8.284716883147097422e-02
6.761115926983884972e-02
9.426954378469615259e-02
8.618845657524848436e-02
8.101422546649650336e-02
1.088316620096330678e-01
1.019603179275058169e-01
1.116498190714501626e-01
8.046885909192097452e-02
8.046885909192097452e-02
8.046885909192097452e-02
6.934676705838022093e-02
8.306678516278609425e-02
8.964380944319128020e-02
9.654205424074452369e-02
9.654205424074452369e-02
9.654205424074452369e-02
8.729877745825764812e-02
8.729877745825764812e-02
6.098127894594296272e-02
6.592629154499374255e-02
5.470919251961481322e-02
8.240403686921771165e-02
8.284716883147097422e-02
8.284716883147097422e-02
3.874816197111791150e-02
8.521448625453292847e-02
9.111878582045107589e-02
8.101422546649650336e-02
1.088316620096330678e-01
1.019603179275058169e-01
1.116498190714501626e-01
4.982352903089587448e-02
8.046885909192097452e-02
8.046885909192097452e-02
8.964380944319128020e-02
8.964380944319128020e-02
8.964380944319128020e-02
9.654205424074452369e-02
9.654205424074452369e-02
9.654205424074452369e-02
8.729877745825764812e-02
8.729877745825764812e-02
6.384287105333519285e-02
8.240403686921771165e-02
8.240403686921771165e-02
8.240403686921771165e-02
8.284716883147097422e-02
8.284716883147097422e-02
6.761115926983884972e-02
9.101423572681510699e-03
8.410376496737825835e-02
8.101422546649650336e-02
6.374740673961587500e-02
-2.528187257316172332e-02
1.142358965303754692e-01
9.196759123975051242e-02
6.209870164182945684e-02
8.235401624980098756e-02
1.051766886666126166e-01
1.051766886666126166e-01
1.051766886666126166e-01
1.082556897103776894e-01
9.326013464814225662e-02
1.082556897103776894e-01
6.927330350079102805e-02
1.019527930337585375e-01
1.019527930337585375e-01
1.015361190629664456e-01
1.015361190629664456e-01
1.015361190629664456e-01
9.709578793329831647e-02
9.709578793329831647e-02
8.235079469424905207e-02
9.305946934498920964e-02
1.027624991971977098e-01
9.294275611768476608e-02
1.171850850628578522e-01
1.077494926542624243e-01
1.142358965303754692e-01
9.196759123975051242e-02
9.196759123975051242e-02
4.961566325176092196e-02
1.051766886666126166e-01
1.051766886666126166e-01
1.051766886666126166e-01
1.082556897103776894e-01
1.082556897103776894e-01
1.082556897103776894e-01
1.019527930337585375e-01
1.019527930337585375e-01
1.019527930337585375e-01
1.015361190629664456e-01
1.015361190629664456e-01
4.999414974994892402e-02
9.709578793329831647e-02
5.106497634904494376e-02
8.235079469424905207e-02
1.058244467368061326e-01
1.027624991971977098e-01
9.294275611768476608e-02
1.255968260430995742e-01
1.203514506892599534e-01
1.142358965303754692e-01
9.196759123975051242e-02
9.196759123975051242e-02
9.196759123975051242e-02
1.051766886666126166e-01
1.051766886666126166e-01
1.051766886666126166e-01
1.082556897103776894e-01
1.082556897103776894e-01
1.082556897103776894e-01
1.019527930337585375e-01
1.019527930337585375e-01
1.019527930337585375e-01
8.703660183834704966e-02
1.015361190629664456e-01
1.015361190629664456e-01
8.527796163524281603e-02
8.527796163524281603e-02
7.329229022378053182e-02
4.392883499978716966e-02
1.027624991971977098e-01
9.294275611768476608e-02
1.171850850628578522e-01
1.077494926542624243e-01
1.142358965303754692e-01
9.196759123975051242e-02
9.196759123975051242e-02
4.961566325176092196e-02
1.051766886666126166e-01
1.051766886666126166e-01
1.051766886666126166e-01
1.082556897103776894e-01
1.082556897103776894e-01
1.082556897103776894e-01
7.654197475414714624e-02
1.019527930337585375e-01
1.019527930337585375e-01
1.015361190629664456e-01
1.015361190629664456e-01
1.015361190629664456e-01
9.709578793329831647e-02
8.463285399011366561e-02
8.235079469424905207e-02
1.058244467368061326e-01
7.937639627979548029e-02
9.294275611768476608e-02
5.442681772168433962e-02
1.175572617887708504e-01
1.142358965303754692e-01
9.196759123975051242e-02
9.196759123975051242e-02
7.754791721019632655e-02
1.051766886666126166e-01
1.051766886666126166e-01
1.051766886666126166e-01
1.082556897103776894e-01
1.082556897103776894e-01
1.082556897103776894e-01
7.439484323808792654e-02
6.473656009232719999e-02
1.019527930337585375e-01
1.015361190629664456e-01
1.015361190629664456e-01
1.015361190629664456e-01
9.709578793329831647e-02
9.709578793329831647e-02
8.235079469424905207e-02
7.256678662015320080e-02
5.298129291616104908e-03
8.385839132588379652e-02
1.171850850628578522e-01
1.203514506892599534e-01
1.142358965303754692e-01
9.196759123975051242e-02
9.196759123975051242e-02
9.196759123975051242e-02
1.051766886666126166e-01
1.051766886666126166e-01
1.051766886666126166e-01
1.082556897103776894e-01
1.082556897103776894e-01
-6.269384581556802782e-02
1.019527930337585375e-01
1.019527930337585375e-01
6.473656009232719999e-02
1.015361190629664456e-01
7.038847465719533236e-02
1.015361190629664456e-01
9.709578793329831647e-02
9.709578793329831647e-02
8.235079469424905207e-02
1.058244467368061326e-01
1.027624991971977098e-01
9.294275611768476608e-02
1.044401732123896864e-01
1.068809512573477560e-01
1.127739082676112448e-01
9.196759123975051242e-02
9.196759123975051242e-02
9.196759123975051242e-02
6.767839881665721480e-02
1.051766886666126166e-01
1.051766886666126166e-01
1.082556897103776894e-01
9.464363093597333298e-02
6.683503842368121450e-02
1.019527930337585375e-01
1.019527930337585375e-01
6.632675433475865301e-02
8.899157185077943844e-02
1.015361190629664456e-01
1.015361190629664456e-01
9.709578793329831647e-02
-1.755762703390928436e-02
6.945838025547096395e-02
1.058244467368061326e-01
1.027624991971977098e-01
9.294275611768476608e-02
5.527187072626194020e-02
-4.025890369771334409e-02
1.157015000191412568e-01
9.422799541398368950e-02
9.422799541398368950e-02
9.422799541398368950e-02
1.016092392624005081e-01
1.016092392624005081e-01
1.016092392624005081e-01
1.064728134303291052e-01
1.064728134303291052e-01
1.064728134303291052e-01
9.598920730501631082e-02
9.598920730501631082e-02
9.598920730501631082e-02
9.874812572152269485e-02
9.874812572152269485e-02
9.874812572152269485e-02
8.732109199400300836e-02
8.732109199400300836e-02
7.223925662167907102e-02
1.011126150127904522e-01
9.801445256268387363e-02
8.807856735070784815e-02
1.200804433774440572e-01
1.127265651203601116e-01
1.157015000191412568e-01
9.422799541398368950e-02
5.544759587847630788e-02
9.422799541398368950e-02
1.016092392624005081e-01
1.016092392624005081e-01
1.016092392624005081e-01
1.064728134303291052e-01
1.064728134303291052e-01
6.487839192500360896e-02
8.369120490267040191e-02
9.598920730501631082e-02
9.598920730501631082e-02
9.874812572152269485e-02
5.242194317451370766e-02
9.874812572152269485e-02
8.732109199400300836e-02
8.732109199400300836e-02
7.223925662167907102e-02
1.493765746031500141e-02
9.801445256268387363e-02
8.807856735070784815e-02
1.200804433774440572e-01
1.127265651203601116e-01
7.984697114289951436e-02
9.422799541398368950e-02
6.451173736198256847e-02
8.466354628148264894e-02
1.016092392624005081e-01
1.016092392624005081e-01
9.521260550722016047e-02
1.064728134303291052e-01
1.064728134303291052e-01
6.635113529453900982e-02
2.510320767074691872e-03
9.598920730501631082e-02
9.598920730501631082e-02
9.874812572152269485e-02
9.874812572152269485e-02
9.874812572152269485e-02
8.732109199400300836e-02
8.732109199400300836e-02
7.223925662167907102e-02
1.011126150127904522e-01
9.801445256268387363e-02
7.241717070329006800e-02
1.200804433774440572e-01
1.127265651203601116e-01
1.157015000191412568e-01
9.422799541398368950e-02
9.422799541398368950e-02
9.422799541398368950e-02
1.016092392624005081e-01
1.016092392624005081e-01
8.186889151337156667e-02
9.280364859033324310e-02
1.064728134303291052e-01
1.064728134303291052e-01
9.598920730501631082e-02
9.598920730501631082e-02
9.598920730501631082e-02
9.874812572152269485e-02
9.874812572152269485e-02
9.874812572152269485e-02
8.732109199400300836e-02
8.732109199400300836e-02
7.223925662167907102e-02
8.819666099326317621e-02
7.435175260594628632e-02
8.807856735070784815e-02
7.867474600100893278e-02
1.098805030502185143e-01
1.051377773448440300e-01
9.422799541398368950e-02
9.422799541398368950e-02
9.422799541398368950e-02
6.738901994193047251e-02
1.016092392624005081e-01
8.186889151337156667e-02
9.280364859033324310e-02
1.064728134303291052e-01
1.064728134303291052e-01
9.598920730501631082e-02
9.598920730501631082e-02
9.598920730501631082e-02
9.874812572152269485e-02
9.874812572152269485e-02
9.874812572152269485e-02
8.732109199400300836e-02
8.732109199400300836e-02
7.223925662167907102e-02
1.011126150127904522e-01
9.801445256268387363e-02
8.807856735070784815e-02
1.200804433774440572e-01
1.127265651203601116e-01
1.157015000191412568e-01
9.422799541398368950e-02
9.422799541398368950e-02
9.422799541398368950e-02
1.016092392624005081e-01
1.016092392624005081e-01
1.016092392624005081e-01
1.064728134303291052e-01
1.064728134303291052e-01
1.064728134303291052e-01
9.598920730501631082e-02
9.598920730501631082e-02
9.598920730501631082e-02
9.874812572152269485e-02
9.874812572152269485e-02
5.242194317451370766e-02
8.732109199400300836e-02
8.732109199400300836e-02
7.223925662167907102e-02
1.011126150127904522e-01
9.801445256268387363e-02
8.807856735070784815e-02
1.200804433774440572e-01
1.127265651203601116e-01
1.127739082676112448e-01
9.422799541398368950e-02
9.422799541398368950e-02
9.422799541398368950e-02
1.016092392624005081e-01
1.016092392624005081e-01
1.016092392624005081e-01
1.064728134303291052e-01
1.064728134303291052e-01
1.064728134303291052e-01
9.598920730501631082e-02
9.598920730501631082e-02
7.020940720820784131e-02
4.526760781509570064e-02
6.872168521859273183e-02
2.622712308671171222e-03
8.732109199400300836e-02
8.732109199400300836e-02
5.973490478044651830e-02
3.012809908100566592e-02
9.801445256268387363e-02
7.241717070329006800e-02
1.200804433774440572e-01
-3.611557284365518594e-02
1.097903809161676070e-01
7.762431585091655872e-02
5.488522607849138923e-02
7.762431585091655872e-02
8.010852180731981020e-02
8.672948241028821670e-02
8.672948241028821670e-02
9.605061579570883801e-02
9.605061579570883801e-02
9.605061579570883801e-02
7.048813113188318047e-02
8.971982634419339853e-02
7.048813113188318047e-02
7.438548090139979196e-02
7.438548090139979196e-02
7.438548090139979196e-02
4.785294529241912453e-02
7.617547219922010671e-02
3.139767023276879288e-02
9.046748473625121356e-02
7.392532127164480604e-02
8.034699288401592199e-02
1.024157740987853282e-01
1.001667130857722965e-01
1.097903809161676070e-01
7.762431585091655872e-02
7.762431585091655872e-02
7.762431585091655872e-02
8.672948241028821670e-02
2.084638116502335325e-02
8.672948241028821670e-02
9.605061579570883801e-02
9.605061579570883801e-02
9.605061579570883801e-02
8.971982634419339853e-02
8.971982634419339853e-02
8.971982634419339853e-02
5.494064068784237920e-02
5.761165026880005202e-02
7.438548090139979196e-02
7.617547219922010671e-02
7.617547219922010671e-02
6.070955180045040089e-02
8.046728068140712731e-02
7.039445643319475199e-02
8.034699288401592199e-02
1.024157740987853282e-01
1.001667130857722965e-01
1.097903809161676070e-01
7.762431585091655872e-02
7.762431585091655872e-02
7.762431585091655872e-02
8.672948241028821670e-02
-1.782973872807680493e-03
-2.496252904398688077e-02
7.343884255042687492e-02
9.605061579570883801e-02
9.605061579570883801e-02
8.971982634419339853e-02
7.815906835463093394e-02
6.137364973011683045e-02
7.438548090139979196e-02
5.761165026880005202e-02
7.438548090139979196e-02
7.617547219922010671e-02
7.617547219922010671e-02
6.070955180045040089e-02
8.046728068140712731e-02
9.046748473625121356e-02
7.755635956294287814e-02
8.107652476018856191e-02
8.603420982947479478e-02
1.097903809161676070e-01
7.762431585091655872e-02
7.762431585091655872e-02
7.762431585091655872e-02
8.672948241028821670e-02
8.672948241028821670e-02
8.672948241028821670e-02
9.605061579570883801e-02
9.605061579570883801e-02
7.787711888517451220e-02
8.971982634419339853e-02
8.971982634419339853e-02
7.815906835463093394e-02
4.218463049448778479e-02
7.438548090139979196e-02
7.438548090139979196e-02
7.617547219922010671e-02
7.617547219922010671e-02
6.070955180045040089e-02
9.362321038769211290e-02
6.636513683217087900e-02
8.034699288401592199e-02
4.411328555103505300e-02
8.525246977766820500e-02
1.097903809161676070e-01
7.762431585091655872e-02
7.762431585091655872e-02
7.762431585091655872e-02
8.672948241028821670e-02
8.672948241028821670e-02
8.672948241028821670e-02
9.605061579570883801e-02
7.494241924366745744e-02
7.494241924366745744e-02
8.971982634419339853e-02
8.971982634419339853e-02
8.971982634419339853e-02
7.438548090139979196e-02
7.438548090139979196e-02
7.438548090139979196e-02
7.617547219922010671e-02
7.617547219922010671e-02
6.070955180045040089e-02
7.555463242575588545e-02
6.512952445092423659e-04
6.340019098844584811e-02
1.024157740987853282e-01
1.023266121860832989e-01
1.097903809161676070e-01
7.762431585091655872e-02
7.762431585091655872e-02
7.762431585091655872e-02
8.672948241028821670e-02
8.672948241028821670e-02
8.672948241028821670e-02
9.605061579570883801e-02
9.605061579570883801e-02
7.494241924366745744e-02
4.726548576588035511e-02
6.259882873284666749e-02
6.259882873284666749e-02
2.035459557331309455e-04
2.540420261178788497e-02
6.104351129305812806e-02
3.104507576814974357e-02
7.617547219922010671e-02
2.848529964812435145e-02
9.362321038769211290e-02
9.046748473625121356e-02
6.340019098844584811e-02
1.024157740987853282e-01
1.001667130857722965e-01
1.165868301738913759e-01
6.475265382601369524e-02
6.769901532527322630e-02
7.762431585091655872e-02
6.629685022631010005e-02
6.629685022631010005e-02
1.444810507386318221e-02
8.062439513981201067e-02
4.738304525070435869e-02
-2.168435004882562911e-02
6.355212412191102445e-02
7.815906835463093394e-02
8.971982634419339853e-02
7.438548090139979196e-02
6.104351129305812806e-02
5.896426920883585110e-02
7.617547219922010671e-02
7.617547219922010671e-02
6.070955180045040089e-02
9.362321038769211290e-02
2.960087742937717037e-02
5.978295754342094481e-02
1.024157740987853282e-01
-1.092487266941399859e-02
1.116498190714501626e-01
8.046885909192097452e-02
8.046885909192097452e-02
8.046885909192097452e-02
8.109117216885053381e-02
8.964380944319128020e-02
8.964380944319128020e-02
9.654205424074452369e-02
5.548673364886558268e-02
5.397971913712940051e-02
8.729877745825764812e-02
8.729877745825764812e-02
6.098127894594296272e-02
5.334950697969959021e-02
8.240403686921771165e-02
8.240403686921771165e-02
7.063580246759654235e-02
7.379882287674965902e-02
5.497898158643582667e-02
9.426954378469615259e-02
9.111878582045107589e-02
8.101422546649650336e-02
1.088316620096330678e-01
1.019603179275058169e-01
1.116498190714501626e-01
7.060537964560364976e-02
8.046885909192097452e-02
8.046885909192097452e-02
5.256365164521825672e-02
8.964380944319128020e-02
2.940811909360596665e-02
8.113317437533867915e-02
-5.069618154929234066e-04
8.113317437533867915e-02
5.040157052286053929e-02
7.567184022826783929e-02
7.567184022826783929e-02
8.240403686921771165e-02
8.240403686921771165e-02
8.240403686921771165e-02
8.284716883147097422e-02
8.284716883147097422e-02
4.252981481063577984e-02
9.426954378469615259e-02
9.111878582045107589e-02
8.101422546649650336e-02
1.088316620096330678e-01
1.092434729152089723e-01
1.223683572764325267e-01
8.046885909192097452e-02
8.046885909192097452e-02
8.046885909192097452e-02
4.966363039319110495e-02
3.299527889163728078e-02
6.468924469634262930e-02
7.542545859988925017e-02
9.654205424074452369e-02
9.654205424074452369e-02
4.460140817760083198e-02
5.040157052286053929e-02
8.729877745825764812e-02
6.929757465762698132e-02
8.240403686921771165e-02
8.240403686921771165e-02
8.284716883147097422e-02
8.284716883147097422e-02
6.761115926983884972e-02
9.426954378469615259e-02
9.111878582045107589e-02
6.048256166460314054e-02
8.952188017713036405e-02
1.019603179275058169e-01
1.116498190714501626e-01
8.046885909192097452e-02
8.046885909192097452e-02
8.046885909192097452e-02
8.964380944319128020e-02
8.964380944319128020e-02
8.964380944319128020e-02
9.654205424074452369e-02
9.654205424074452369e-02
9.654205424074452369e-02
8.729877745825764812e-02
8.729877745825764812e-02
8.729877745825764812e-02
8.240403686921771165e-02
8.240403686921771165e-02
6.725503456755138609e-02
7.063580246759654235e-02
8.284716883147097422e-02
3.874816197111791150e-02
9.426954378469615259e-02
5.739816920778090248e-02
7.822798511076606287e-02
5.104921841250276149e-02
9.904101156246825077e-02
1.116498190714501626e-01
8.046885909192097452e-02
8.046885909192097452e-02
8.046885909192097452e-02
8.964380944319128020e-02
8.964380944319128020e-02
8.964380944319128020e-02
9.654205424074452369e-02
5.397971913712940051e-02
7.542545859988925017e-02
8.729877745825764812e-02
6.098127894594296272e-02
6.384287105333519285e-02
8.240403686921771165e-02
8.240403686921771165e-02
8.240403686921771165e-02
6.996921238578907021e-02
8.284716883147097422e-02
6.761115926983884972e-02
8.113432390897629132e-02
9.111878582045107589e-02
8.101422546649650336e-02
1.088316620096330678e-01
1.019603179275058169e-01
1.116498190714501626e-01
8.046885909192097452e-02
8.046885909192097452e-02
8.046885909192097452e-02
8.109117216885053381e-02
8.964380944319128020e-02
6.934676705838022093e-02
7.542545859988925017e-02
9.654205424074452369e-02
9.654205424074452369e-02
5.040157052286053929e-02
2.504747391567080372e-02
4.286339170759045913e-02
6.725503456755138609e-02
8.240403686921771165e-02
5.470919251961481322e-02
8.284716883147097422e-02
8.284716883147097422e-02
6.761115926983884972e-02
9.426954378469615259e-02
9.111878582045107589e-02
6.048256166460314054e-02
8.952188017713036405e-02
1.019603179275058169e-01
1.116498190714501626e-01
8.046885909192097452e-02
8.046885909192097452e-02
1.549122607690900377e-02
8.306678516278609425e-02
8.964380944319128020e-02
6.934676705838022093e-02
6.923002620124890649e-02
5.397971913712940051e-02
7.322916362173859106e-03
7.567184022826783929e-02
5.354990813515536630e-03
4.862514824788638501e-02
2.164462715081405531e-02
8.240403686921771165e-02
5.702849147759442294e-02
8.284716883147097422e-02
5.494567447256248904e-02
5.497898158643582667e-02
8.113432390897629132e-02
7.107735612155030580e-02
8.101422546649650336e-02
7.296064540855751179e-02
2.046303802698945518e-02
1.157015000191412568e-01
2.710898190166999289e-02
8.466354628148264894e-02
6.891379052678259232e-02
9.120745290011489370e-02
2.087587811503399671e-02
8.636422959974260349e-02
1.064728134303291052e-01
1.064728134303291052e-01
9.280364859033324310e-02
-2.207721279668062309e-02
-7.104045465438990625e-02
9.598920730501631082e-02
6.872168521859273183e-02
6.872168521859273183e-02
9.874812572152269485e-02
7.836430685095641113e-02
5.970193470346335518e-02
4.862851903415937871e-02
1.011126150127904522e-01
9.534013930765333766e-02
6.116877776051682369e-02
1.018037228023590535e-01
8.326215759801602889e-02
1.157015000191412568e-01
7.865870860851403856e-02
9.422799541398368950e-02
9.422799541398368950e-02
1.016092392624005081e-01
1.016092392624005081e-01
7.061870900228706116e-02
8.440009651456270579e-02
1.064728134303291052e-01
1.064728134303291052e-01
8.459982250512659840e-02
8.753212175040547827e-03
4.871522304024905603e-02
6.872168521859273183e-02
8.612169430766181133e-02
9.874812572152269485e-02
7.836430685095641113e-02
7.523329325470112794e-02
4.366832590322183849e-02
9.630156511170423483e-02
9.801445256268387363e-02
8.807856735070784815e-02
1.031276245308097028e-01
1.127265651203601116e-01
1.157015000191412568e-01
9.422799541398368950e-02
9.422799541398368950e-02
9.422799541398368950e-02
1.016092392624005081e-01
7.061870900228706116e-02
3.680976293072268923e-02
7.978189048931866312e-02
1.064728134303291052e-01
1.064728134303291052e-01
-5.185927294003633836e-02
1.969129608625264094e-02
8.369120490267040191e-02
9.874812572152269485e-02
9.874812572152269485e-02
9.874812572152269485e-02
8.732109199400300836e-02
5.970193470346335518e-02
-5.293756394698312384e-03
3.674450394178691015e-02
5.038746381766312510e-02
8.311195218765932147e-02
1.200804433774440572e-01
9.989065600675484102e-02
1.200092873201804577e-01
6.104010697639056238e-02
9.422799541398368950e-02
9.422799541398368950e-02
9.329117839590028716e-02
1.016092392624005081e-01
8.186889151337156667e-02
8.583643204512042546e-02
9.280364859033324310e-02
1.064728134303291052e-01
7.085822887007198201e-02
9.598920730501631082e-02
9.598920730501631082e-02
9.874812572152269485e-02
9.874812572152269485e-02
5.022681002725215560e-02
8.732109199400300836e-02
8.732109199400300836e-02
4.366832590322183849e-02
9.220871330346669392e-02
6.922130379835089720e-02
8.807856735070784815e-02
3.985631601905598176e-02
1.098805030502185143e-01
7.984697114289951436e-02
8.466354628148264894e-02
6.451173736198256847e-02
8.466354628148264894e-02
6.677522379771094752e-02
9.521260550722016047e-02
1.016092392624005081e-01
2.583146653203227672e-02
8.440009651456270579e-02
7.741111677949358283e-02
9.598920730501631082e-02
7.301253351797676316e-02
9.598920730501631082e-02
9.874812572152269485e-02
9.874812572152269485e-02
9.874812572152269485e-02
8.732109199400300836e-02
8.732109199400300836e-02
-1.696914301011243076e-02
8.155604717011599725e-02
6.012515333625390035e-02
5.787966677068312471e-02
7.595828496071627134e-02
9.989065600675484102e-02
7.635659337230887855e-02
9.422799541398368950e-02
9.422799541398368950e-02
9.422799541398368950e-02
1.016092392624005081e-01
1.016092392624005081e-01
1.016092392624005081e-01
6.487839192500360896e-02
9.280364859033324310e-02
1.064728134303291052e-01
7.020940720820784131e-02
8.369120490267040191e-02
9.598920730501631082e-02
5.242194317451370766e-02
9.874812572152269485e-02
9.874812572152269485e-02
7.836430685095641113e-02
5.575266904113918010e-02
2.484011760361337640e-02
8.155604717011599725e-02
9.316642516499423765e-02
8.807856735070784815e-02
1.200804433774440572e-01
1.055366724404666057e-01
1.020784950066614960e-01
9.422799541398368950e-02
8.182430482850905351e-02
8.466354628148264894e-02
8.186889151337156667e-02
7.733911277357352620e-02
8.384105029520871888e-02
6.487839192500360896e-02
6.085119104922848132e-02
6.635113529453900982e-02
7.020940720820784131e-02
5.823257015035365747e-02
8.369120490267040191e-02
9.874812572152269485e-02
9.874812572152269485e-02
9.874812572152269485e-02
8.732109199400300836e-02
5.970193470346335518e-02
5.973490478044651830e-02
1.011126150127904522e-01
7.830757388644016270e-02
8.311195218765932147e-02
1.200804433774440572e-01
2.228691068044519330e-02
7.566108702827178956e-02
4.678691083389013849e-02
7.762431585091655872e-02
3.688211959676374052e-02
8.672948241028821670e-02
5.212669981457573876e-02
8.010852180731981020e-02
1.703266484770460387e-02
9.605061579570883801e-02
1.343985894067278863e-02
-2.917062039570650356e-03
5.303263422874165967e-02
8.971982634419339853e-02
4.125786632879013816e-02
7.438548090139979196e-02
4.125786632879013816e-02
7.617547219922010671e-02
4.380310474852994185e-02
2.675990458605398414e-02
9.046748473625121356e-02
7.508530807168817267e-02
5.978295754342094481e-02
8.835703385200205373e-02
1.001667130857722965e-01
9.592165448415868045e-02
6.769901532527322630e-02
7.762431585091655872e-02
7.762431585091655872e-02
3.095389819356586525e-02
7.811971117778798712e-02
6.160821433996144236e-02
8.204762481848154598e-02
9.605061579570883801e-02
9.605061579570883801e-02
7.576056637172423613e-03
3.066979395762503557e-02
8.971982634419339853e-02
5.761165026880005202e-02
5.761165026880005202e-02
7.438548090139979196e-02
7.617547219922010671e-02
6.699058702898125217e-02
2.722161232798447905e-02
6.707197655731456098e-02
6.371217940818335590e-02
7.528809906444611233e-02
1.024157740987853282e-01
9.276096048223508861e-02
9.597350747054611553e-02
7.762431585091655872e-02
7.762431585091655872e-02
4.678691083389013849e-02
3.332645119729749084e-02
6.629685022631010005e-02
3.943080535333598480e-02
3.405378060008273922e-02
9.605061579570883801e-02
8.204762481848154598e-02
7.723677901314213168e-02
4.726548576588035511e-02
8.971982634419339853e-02
5.761165026880005202e-02
5.896426920883585110e-02
5.896426920883585110e-02
7.617547219922010671e-02
7.617547219922010671e-02
3.453349086803392254e-03
4.997638105531498898e-02
-7.804929446690400674e-02
-2.072561580777554369e-02
4.039098138503660618e-02
8.636110655372314371e-02
9.597350747054611553e-02
7.762431585091655872e-02
4.678691083389013849e-02
6.769901532527322630e-02
6.629685022631010005e-02
5.893766965965063775e-02
8.672948241028821670e-02
2.836677371273721437e-02
6.329202531439476198e-02
5.344038204259554670e-02
8.971982634419339853e-02
8.971982634419339853e-02
7.723677901314213168e-02
1.253429750830814537e-02
2.540420261178788497e-02
7.438548090139979196e-02
4.380310474852994185e-02
6.377983675544285358e-02
6.070955180045040089e-02
7.370328566161837847e-02
6.113936537368080959e-02
5.978295754342094481e-02
4.050673122555309424e-02
9.425447676236459182e-02
4.618587026422205088e-02
7.762431585091655872e-02
2.285102772051161857e-02
7.762431585091655872e-02
8.672948241028821670e-02
8.672948241028821670e-02
8.672948241028821670e-02
5.344038204259554670e-02
8.204762481848154598e-02
9.605061579570883801e-02
6.355212412191102445e-02
8.971982634419339853e-02
8.971982634419339853e-02
4.125786632879013816e-02
5.510254539986259026e-02
4.125786632879013816e-02
7.617547219922010671e-02
5.656622434621044748e-02
6.070955180045040089e-02
5.934696960322433101e-02
3.992891704513429341e-02
5.978295754342094481e-02
8.835703385200205373e-02
9.276096048223508861e-02
9.597350747054611553e-02
7.762431585091655872e-02
5.332002911719940785e-02
4.137266728539484850e-02
6.629685022631010005e-02
2.123825147697688820e-02
4.246424668480736075e-02
5.344038204259554670e-02
7.491025603545697908e-02
4.738304525070435869e-02
3.737336848954381230e-02
3.575528331837712903e-02
8.971982634419339853e-02
6.104351129305812806e-02
6.104351129305812806e-02
7.438548090139979196e-02
6.699058702898125217e-02
6.377983675544285358e-02
3.141101290900411014e-02
7.370328566161837847e-02
5.347470893162131755e-02
5.293722510966253347e-02
1.024157740987853282e-01
1.001667130857722965e-01
1.097903809161676070e-01
5.332002911719940785e-02
7.762431585091655872e-02
7.762431585091655872e-02
-6.423218461574387028e-02
-1.629538456414825198e-02
7.596291043805153409e-02
1.873373456053095687e-02
3.405378060008273922e-02
8.204762481848154598e-02
8.971982634419339853e-02
8.971982634419339853e-02
8.971982634419339853e-02
2.540420261178788497e-02
7.438548090139979196e-02
6.104351129305812806e-02
2.082662535239154789e-02
6.699058702898125217e-02
4.718678836302553359e-02
8.872277219966295814e-02
7.039445643319475199e-02
5.978295754342094481e-02
8.835703385200205373e-02
-2.106438125486409518e-02
4.675334999895375265e-02
9.422799541398368950e-02
5.544759587847630788e-02
8.527040611833514028e-03
8.384105029520871888e-02
7.061870900228706116e-02
1.016092392624005081e-01
7.551203884774587705e-02
1.064728134303291052e-01
6.487839192500360896e-02
8.369120490267040191e-02
7.301253351797676316e-02
5.416419706706065984e-02
-1.276199262864707862e-03
8.612169430766181133e-02
4.164465357255631162e-02
5.970193470346335518e-02
7.523329325470112794e-02
7.223925662167907102e-02
9.845869962295183964e-02
9.316642516499423765e-02
6.788963803557368504e-02
1.066010556517930641e-01
1.055366724404666057e-01
1.275014358387655533e-01
2.702475205624321752e-02
6.074705977161426462e-02
6.451173736198256847e-02
9.521260550722016047e-02
8.186889151337156667e-02
7.061870900228706116e-02
5.896545980683071120e-02
7.551203884774587705e-02
7.650918964361547170e-02
5.823257015035365747e-02
8.459982250512659840e-02
9.598920730501631082e-02
-1.359371479967563801e-03
7.147369059250296974e-02
9.874812572152269485e-02
3.972645388891971052e-02
8.732109199400300836e-02
7.223925662167907102e-02
1.011126150127904522e-01
9.801445256268387363e-02
8.807856735070784815e-02
1.074246889650702919e-01
9.729640713837911514e-02
1.020784950066614960e-01
6.451173736198256847e-02
6.074705977161426462e-02
6.451173736198256847e-02
6.125353634978453199e-02
-3.016213193869521358e-02
4.665033233578491645e-02
1.064728134303291052e-01
1.064728134303291052e-01
1.064728134303291052e-01
7.020940720820784131e-02
8.369120490267040191e-02
9.598920730501631082e-02
8.415396327994079106e-02
4.621945099859958717e-02
6.872168521859273183e-02
5.575266904113918010e-02
3.583075266610524778e-02
7.223925662167907102e-02
4.638806072082668486e-02
4.517740379845408549e-02
8.311195218765932147e-02
1.200804433774440572e-01
9.989065600675484102e-02
1.157015000191412568e-01
9.422799541398368950e-02
4.419209307510413298e-02
6.891379052678259232e-02
8.186889151337156667e-02
7.733911277357352620e-02
9.120745290011489370e-02
1.064728134303291052e-01
6.487839192500360896e-02
9.280364859033324310e-02
9.598920730501631082e-02
5.984585506050038584e-02
8.369120490267040191e-02
9.874812572152269485e-02
5.586362117320958776e-02
7.147369059250296974e-02
2.645156513479779425e-02
6.089336798771988191e-02
7.223925662167907102e-02
1.011126150127904522e-01
7.435175260594628632e-02
8.807856735070784815e-02
6.346626681050121510e-02
1.072981626765962537e-01
1.020784950066614960e-01
5.110725607583715968e-02
6.122502280524788620e-02
6.122502280524788620e-02
8.384105029520871888e-02
7.733911277357352620e-02
7.733911277357352620e-02
1.064728134303291052e-01
6.487839192500360896e-02
9.280364859033324310e-02
7.256085904556514032e-02
5.984585506050038584e-02
8.369120490267040191e-02
9.874812572152269485e-02
6.872168521859273183e-02
6.739716588690042309e-02
5.575266904113918010e-02
2.161046172123104459e-02
4.862851903415937871e-02
1.011126150127904522e-01
6.383596838310146016e-02
6.900195770737432843e-02
1.200804433774440572e-01
1.127265651203601116e-01
7.984697114289951436e-02
8.466354628148264894e-02
6.451173736198256847e-02
6.122502280524788620e-02
8.384105029520871888e-02
7.733911277357352620e-02
6.554609293579033436e-02
9.280364859033324310e-02
9.141434818197424761e-02
7.978189048931866312e-02
9.598920730501631082e-02
9.598920730501631082e-02
4.441871755373189012e-02
8.612169430766181133e-02
6.872168521859273183e-02
8.612169430766181133e-02
5.970193470346335518e-02
2.645156513479779425e-02
1.971582600438603894e-02
7.670275877141469190e-02
7.830757388644016270e-02
8.807856735070784815e-02
1.200804433774440572e-01
1.127265651203601116e-01
7.984697114289951436e-02
8.466354628148264894e-02
4.419209307510413298e-02
3.621048240742069657e-02
7.061870900228706116e-02
8.636422959974260349e-02
6.554609293579033436e-02
1.064728134303291052e-01
1.064728134303291052e-01
7.741111677949358283e-02
8.459982250512659840e-02
5.823257015035365747e-02
8.459982250512659840e-02
4.021406006972211289e-02
8.612169430766181133e-02
6.872168521859273183e-02
5.575266904113918010e-02
5.575266904113918010e-02
2.484011760361337640e-02
3.674450394178691015e-02
6.353491123492382986e-02
8.807856735070784815e-02
1.200804433774440572e-01
1.570880984360467636e-02
9.202081386994365175e-02
4.167468961407921890e-02
5.831468754686131017e-02
8.235401624980098756e-02
4.315255497321973666e-02
4.601381665297576973e-02
6.941676061317869628e-02
9.464363093597333298e-02
1.082556897103776894e-01
6.683503842368121450e-02
7.561625282057660158e-02
8.983080981144014876e-02
1.019527930337585375e-01
1.015361190629664456e-01
1.015361190629664456e-01
8.703660183834704966e-02
9.709578793329831647e-02
8.463285399011366561e-02
5.441797551959703938e-02
1.010696339583291858e-01
9.305946934498920964e-02
9.294275611768476608e-02
1.171850850628578522e-01
1.203514506892599534e-01
1.142358965303754692e-01
6.209870164182945684e-02
7.631833594330084125e-02
3.908164456385387897e-02
7.444672621678344315e-02
7.444672621678344315e-02
6.516029576425341752e-02
5.943056648314892776e-02
6.094680893316195558e-02
-3.134158882960702552e-02
1.019527930337585375e-01
6.473656009232719999e-02
9.072642252740248381e-02
7.443856252089198211e-02
8.703660183834704966e-02
8.899157185077943844e-02
9.709578793329831647e-02
-1.578855573787629751e-02
6.374632472998292831e-02
8.649647870627208412e-02
6.647178003919940181e-02
6.634751931070914654e-02
9.825731983842539430e-02
1.203514506892599534e-01
9.216280561253170633e-02
9.196759123975051242e-02
9.196759123975051242e-02
4.409673952186399237e-02
7.444672621678344315e-02
8.560231739956203345e-02
7.860630726467349172e-02
6.339106663908133932e-03
4.321027537358146375e-02
-2.575764412255476810e-02
2.160339617271905821e-02
7.654197475414714624e-02
8.983080981144014876e-02
8.899157185077943844e-02
1.015361190629664456e-01
1.015361190629664456e-01
9.709578793329831647e-02
7.009348499975998070e-02
7.012571871337691665e-02
1.058244467368061326e-01
5.873616646686791176e-02
6.634751931070914654e-02
1.036107375554711219e-01
1.033464053012926320e-01
1.275014358387655533e-01
7.754791721019632655e-02
9.196759123975051242e-02
9.196759123975051242e-02
1.051766886666126166e-01
1.051766886666126166e-01
8.111062495636461867e-02
9.464363093597333298e-02
1.082556897103776894e-01
6.683503842368121450e-02
1.019527930337585375e-01
1.019527930337585375e-01
1.019527930337585375e-01
7.170440429283470030e-02
8.899157185077943844e-02
1.015361190629664456e-01
9.709578793329831647e-02
9.709578793329831647e-02
5.441797551959703938e-02
1.010696339583291858e-01
7.297068247732313440e-02
8.803419650417737552e-02
7.245062772526927874e-02
1.220516155952254822e-01
1.142358965303754692e-01
9.196759123975051242e-02
4.670535345086523904e-02
8.235401624980098756e-02
9.883383769077769276e-02
1.051766886666126166e-01
7.444672621678344315e-02
8.627518662294170193e-02
1.082556897103776894e-01
8.770552153298005749e-02
6.632675433475865301e-02
1.019527930337585375e-01
1.019527930337585375e-01
1.015361190629664456e-01
1.015361190629664456e-01
7.372724768006710949e-02
7.911108217366963347e-02
9.709578793329831647e-02
5.441797551959703938e-02
1.010696339583291858e-01
9.305946934498920964e-02
9.023505152761457371e-02
5.527187072626194020e-02
1.203514506892599534e-01
7.825485761667838602e-02
8.235401624980098756e-02
9.196759123975051242e-02
9.196759123975051242e-02
6.941676061317869628e-02
6.516029576425341752e-02
9.692856590338472245e-02
8.211559350436381521e-03
7.548250822077257061e-02
1.082556897103776894e-01
7.654197475414714624e-02
6.632675433475865301e-02
8.983080981144014876e-02
1.015361190629664456e-01
7.170440429283470030e-02
7.038847465719533236e-02
3.641071504917398061e-02
9.709578793329831647e-02
8.235079469424905207e-02
8.649647870627208412e-02
8.815230273880014789e-02
9.294275611768476608e-02
1.171850850628578522e-01
1.203514506892599534e-01
1.142358965303754692e-01
9.196759123975051242e-02
9.196759123975051242e-02
6.209870164182945684e-02
9.486236033336742368e-02
2.289489328376970168e-02
-1.294748436265480418e-02
9.817915214066769147e-02
5.577637878745017597e-02
4.320561781598863949e-02
7.785270838231689305e-02
9.031809734868062600e-02
9.031809734868062600e-02
9.140213927333701305e-02
9.140213927333701305e-02
7.525664902543999224e-02
8.493862167131638330e-02
8.493862167131638330e-02
-2.516102531876374115e-02
1.068725103700429724e-01
8.238344320790302877e-02
9.094478093663538321e-03
5.515348124013180753e-02
3.356700092749242970e-03
9.806910588641692961e-02
6.634957764434445959e-02
7.630358196783387781e-02
2.788158868591983364e-02
7.711973016269080272e-02
8.785862067515881613e-02
8.785862067515881613e-02
1.909077603438313897e-02
8.236072879133993219e-02
5.377333838517517339e-02
7.153917355191863336e-02
5.767544769574983743e-02
7.153917355191863336e-02
8.854799664560836225e-02
8.854799664560836225e-02
5.780913420844352446e-02
7.488620123585676414e-02
6.567493056645190563e-02
4.120488984218406703e-02
4.949252725630670646e-02
7.188072920123683707e-02
4.172115529351533292e-02
9.463445516327939622e-02
1.144582930114155239e-01
1.170051020480805115e-01
3.594367631144285147e-02
4.537699570763786827e-02
4.537699570763786827e-02
8.785862067515881613e-02
6.951459501670559371e-02
6.747852193332259940e-02
6.903021272591319812e-02
9.635400221010614885e-02
5.377333838517517339e-02
2.733119190930333176e-03
7.153917355191863336e-02
5.670967793107667410e-02
7.562198437768447024e-02
8.854799664560836225e-02
8.854799664560836225e-02
7.488620123585676414e-02
7.488620123585676414e-02
2.523160210289798755e-02
3.084019080407918167e-02
9.228507658770801481e-02
6.312093232408794163e-02
9.548130818964950528e-02
9.909200770554466020e-02
8.784203542878321613e-02
6.339469531847236050e-02
4.195641492409440954e-02
6.634957764434445959e-02
8.785862067515881613e-02
8.785862067515881613e-02
8.785862067515881613e-02
5.377333838517517339e-02
8.236072879133993219e-02
6.465911894092407630e-02
4.701830469983198091e-02
4.535931676446508520e-02
2.351582299326365755e-02
5.780913420844352446e-02
7.562198437768447024e-02
5.645318868675297530e-02
5.596797813839610169e-02
3.162494933658521745e-02
-7.438474782133219776e-02
-8.357497526373103280e-02
-8.640436344581514660e-02
1.535920755706093876e-02
8.650986154125972494e-02
2.646354409293127929e-02
6.247305178243883761e-02
4.176396756675782029e-02
7.630358196783387781e-02
7.630358196783387781e-02
8.785862067515881613e-02
8.785862067515881613e-02
8.785862067515881613e-02
9.635400221010614885e-02
9.635400221010614885e-02
9.635400221010614885e-02
8.418556817588324082e-02
8.418556817588324082e-02
8.418556817588324082e-02
5.780913420844352446e-02
7.229711713517200655e-02
8.854799664560836225e-02
7.488620123585676414e-02
7.488620123585676414e-02
1.446172824994507167e-02
1.021730745248536909e-01
5.277725193259730219e-02
1.682818660656726362e-02
3.786474367838027488e-02
7.854220689696250757e-02
1.212993697518962577e-01
4.176396756675782029e-02
7.630358196783387781e-02
7.630358196783387781e-02
8.785862067515881613e-02
8.785862067515881613e-02
8.785862067515881613e-02
9.635400221010614885e-02
9.635400221010614885e-02
9.635400221010614885e-02
5.989642360122815479e-02
8.418556817588324082e-02
8.418556817588324082e-02
8.854799664560836225e-02
8.854799664560836225e-02
5.780913420844352446e-02
7.488620123585676414e-02
7.488620123585676414e-02
5.489695791489623833e-02
1.021730745248536909e-01
2.579833052743069066e-02
3.574668677525233429e-02
1.084938512137658129e-01
1.144582930114155239e-01
1.170051020480805115e-01
2.422974255365872853e-02
4.195641492409440954e-02
7.630358196783387781e-02
8.785862067515881613e-02
8.785862067515881613e-02
7.927098564688439541e-02
8.093848678149268006e-02
9.635400221010614885e-02
9.635400221010614885e-02
2.322240728413493827e-02
8.418556817588324082e-02
8.418556817588324082e-02
8.854799664560836225e-02
8.854799664560836225e-02
8.854799664560836225e-02
6.245495674279871734e-02
7.488620123585676414e-02
-3.772861814960415394e-02
1.021730745248536909e-01
9.714349907607205958e-02
6.312093232408794163e-02
1.084938512137658129e-01
1.144582930114155239e-01
1.170051020480805115e-01
7.630358196783387781e-02
7.630358196783387781e-02
7.630358196783387781e-02
2.328142676160638302e-02
2.365067007272136923e-02
3.050558197859587484e-02
8.236072879133993219e-02
8.236072879133993219e-02
9.635400221010614885e-02
8.418556817588324082e-02
5.767544769574983743e-02
5.834264993787546816e-02
8.854799664560836225e-02
5.989348990476178747e-02
7.562198437768447024e-02
7.488620123585676414e-02
7.488620123585676414e-02
2.523160210289798755e-02
9.737468152560435630e-02
9.714349907607205958e-02
6.312093232408794163e-02
1.084938512137658129e-01
3.339636518371325025e-04
6.056881908534972325e-02
4.538840162253920951e-02
6.209450577494540768e-02
6.209450577494540768e-02
7.950643702553705783e-02
4.156464498675438435e-02
7.950643702553705783e-02
9.030757390922922179e-02
6.934094701426707363e-02
2.173459783980580262e-02
8.468479100905429435e-02
5.820555868187932136e-02
1.363644940216246493e-02
5.374042433501258209e-03
5.810715762250834304e-02
5.810715762250834304e-02
4.570871401874065931e-02
6.170718239096723012e-02
-1.655602477395246019e-02
3.042155630587767279e-02
6.674878738140993528e-02
6.191867654583871339e-02
1.028904799973268114e-01
1.168492198772085322e-01
6.966291692380294220e-02
-2.271951004891969994e-03
5.183169249618829744e-02
6.209450577494540768e-02
5.873775083593946178e-02
7.950643702553705783e-02
5.873775083593946178e-02
7.467870552167960030e-02
7.612063156626003302e-02
9.030757390922922179e-02
8.468479100905429435e-02
8.468479100905429435e-02
8.468479100905429435e-02
5.527469195580114736e-02
6.984066032305580318e-02
8.617901453607618167e-02
7.415852495591934712e-02
7.415852495591934712e-02
5.413696425518249589e-02
1.010772621087961953e-01
7.623101404189835950e-02
5.663983525231475191e-02
8.627699204038841163e-02
1.168492198772085322e-01
1.212993697518962577e-01
6.209450577494540768e-02
4.878513911067655640e-02
5.183169249618829744e-02
5.873775083593946178e-02
6.081264573529848727e-02
6.856278803231341534e-02
6.934094701426707363e-02
9.030757390922922179e-02
9.030757390922922179e-02
6.108473666309172101e-02
8.468479100905429435e-02
8.468479100905429435e-02
8.617901453607618167e-02
7.115816303556049549e-02
7.318342455218868059e-02
4.570871401874065931e-02
6.170718239096723012e-02
2.017493759054689306e-02
3.071515963645443659e-02
5.782293977233504689e-02
6.191867654583871339e-02
1.028904799973268114e-01
9.469037853412320960e-02
1.236510359824297134e-01
1.554068311053014018e-02
5.183169249618829744e-02
6.209450577494540768e-02
5.460494281340166900e-02
7.075506151591298698e-02
6.856278803231341534e-02
4.713758754996050238e-02
1.197501352941343633e-02
6.739875936919215160e-02
8.468479100905429435e-02
8.468479100905429435e-02
8.468479100905429435e-02
8.617901453607618167e-02
4.204069710457752906e-02
-5.662953019938421484e-02
7.415852495591934712e-02
7.415852495591934712e-02
4.450105129520476321e-02
1.010772621087961953e-01
3.479165136180428775e-02
6.191867654583871339e-02
5.661100744092312231e-02
7.300627924443031658e-02
9.239620174722779078e-02
6.209450577494540768e-02
6.209450577494540768e-02
3.020846576300961761e-02
6.856278803231341534e-02
7.277658196826425341e-02
7.950643702553705783e-02
9.030757390922922179e-02
9.030757390922922179e-02
9.030757390922922179e-02
8.468479100905429435e-02
8.468479100905429435e-02
8.468479100905429435e-02
5.889654321973319950e-02
8.617901453607618167e-02
8.617901453607618167e-02
7.415852495591934712e-02
4.570871401874065931e-02
2.017493759054689306e-02
1.010772621087961953e-01
5.953890662636385223e-02
5.663983525231475191e-02
1.028904799973268114e-01
1.168492198772085322e-01
1.063266752045357588e-01
6.209450577494540768e-02
6.209450577494540768e-02
6.209450577494540768e-02
7.950643702553705783e-02
7.950643702553705783e-02
7.950643702553705783e-02
9.030757390922922179e-02
4.866611731122699736e-02
6.739875936919215160e-02
8.468479100905429435e-02
8.468479100905429435e-02
8.468479100905429435e-02
7.115816303556049549e-02
7.318342455218868059e-02
8.617901453607618167e-02
7.415852495591934712e-02
-5.015657032924614178e-03
2.387295414726864351e-02
1.010772621087961953e-01
9.603397768296484394e-02
3.331720374689772779e-02
1.028904799973268114e-01
1.168492198772085322e-01
1.063266752045357588e-01
6.209450577494540768e-02
3.516062437336453517e-02
6.209450577494540768e-02
-6.341001565422099695e-02
7.277658196826425341e-02
7.277658196826425341e-02
7.612063156626003302e-02
9.030757390922922179e-02
9.030757390922922179e-02
8.468479100905429435e-02
8.468479100905429435e-02
8.468479100905429435e-02
8.617901453607618167e-02
8.617901453607618167e-02
4.528035410626468638e-02
7.415852495591934712e-02
7.415852495591934712e-02
2.442364731956470081e-02
9.626579026021409025e-02
9.334662526027837082e-02
3.331720374689772779e-02
8.884730879714036744e-02
4.185856680177807432e-02
6.793972016859883833e-02
2.855209919439660737e-02
4.993393309106641809e-03
6.054290922190497248e-02
7.025516803354220352e-02
7.025516803354220352e-02
7.025516803354220352e-02
8.421591645095272138e-02
8.421591645095272138e-02
4.045219924216608698e-02
6.553501210426315726e-02
5.440435261696668912e-02
7.835354281686413014e-02
4.569251293215692566e-02
6.396375628655498469e-02
7.722240459411222613e-02
6.551610448349465265e-02
6.551610448349465265e-02
1.481398912518117061e-02
1.241427789835519713e-02
6.251006242978579541e-02
-4.566530126801637834e-04
7.918994692466502228e-02
8.120948760624108198e-02
8.892154680882724538e-02
5.024637475648957574e-02
2.855209919439660737e-02
5.024637475648957574e-02
7.025516803354220352e-02
7.025516803354220352e-02
7.025516803354220352e-02
6.837209915821890194e-02
6.983385648021178671e-02
1.469983396039586943e-02
5.603122858426351494e-02
5.148258048540338416e-02
6.553501210426315726e-02
4.569251293215692566e-02
1.659883033685971565e-02
2.918115270482402046e-02
6.551610448349465265e-02
5.282606238581954994e-02
4.511071873267030741e-02
9.717116098745021135e-02
9.207900994006856799e-02
5.763315050620954061e-02
8.564518200941573234e-02
9.235545105466247406e-02
1.026476670035856853e-01
6.054290922190497248e-02
6.677141752899462546e-03
3.329109581636946480e-02
7.025516803354220352e-02
7.025516803354220352e-02
7.025516803354220352e-02
5.747397988130348301e-02
8.421591645095272138e-02
-2.148746805564649698e-02
-3.618776961348746379e-02
7.835354281686413014e-02
2.710007771767497520e-02
3.441871460089063195e-02
7.722240459411222613e-02
4.430167371402365939e-02
3.652089400073810221e-02
5.282606238581954994e-02
1.482778010114460532e-02
-1.993987561376386886e-02
5.349772832098187436e-02
5.763315050620954061e-02
9.895156292338608273e-02
1.062872185806101877e-01
7.719740535313290852e-02
1.603945772187298502e-02
6.054290922190497248e-02
2.501381180925044134e-02
7.025516803354220352e-02
4.905606422419855894e-02
5.908471897660738659e-02
8.421591645095272138e-02
8.421591645095272138e-02
8.421591645095272138e-02
7.835354281686413014e-02
7.835354281686413014e-02
5.148258048540338416e-02
6.396375628655498469e-02
7.722240459411222613e-02
4.569251293215692566e-02
5.282606238581954994e-02
6.551610448349465265e-02
1.482778010114460532e-02
9.231306865228194880e-02
4.716077893614639693e-02
5.763315050620954061e-02
5.224635724620085853e-02
6.966670750136505497e-02
1.026476670035856853e-01
2.501381180925044134e-02
6.054290922190497248e-02
6.677141752899462546e-03
5.658304376743011899e-02
7.025516803354220352e-02
7.025516803354220352e-02
8.421591645095272138e-02
5.545456043861274331e-02
6.250327503245600713e-02
7.835354281686413014e-02
7.835354281686413014e-02
4.528295251933783794e-02
4.569251293215692566e-02
4.430167371402365939e-02
3.191504591652227774e-02
5.282606238581954994e-02
6.551610448349465265e-02
3.529007967517283628e-02
7.084936268873653908e-02
4.389277975956290545e-02
2.875454534093041525e-02
9.895156292338608273e-02
1.062872185806101877e-01
1.026476670035856853e-01
2.855209919439660737e-02
5.024637475648957574e-02
6.054290922190497248e-02
4.905606422419855894e-02
5.908471897660738659e-02
7.025516803354220352e-02
8.421591645095272138e-02
4.806022915824548214e-03
4.015126555027220823e-02
6.648208808148636795e-02
4.288921997586364609e-02
5.148258048540338416e-02
7.722240459411222613e-02
4.569251293215692566e-02
6.396375628655498469e-02
3.652089400073810221e-02
5.282606238581954994e-02
4.511071873267030741e-02
9.717116098745021135e-02
9.207900994006856799e-02
5.763315050620954061e-02
9.895156292338608273e-02
1.062872185806101877e-01
1.026476670035856853e-01
6.054290922190497248e-02
6.054290922190497248e-02
-1.180422774694744881e-02
5.117395998146706537e-02
5.908471897660738659e-02
7.025516803354220352e-02
8.421591645095272138e-02
8.421591645095272138e-02
-1.274074357005537950e-01
-2.198327022916501949e-02
-1.945276957671815410e-02
5.197597554935096120e-03
-2.029544607645550336e-02
8.565810639413307115e-03
-2.892072890113861483e-02
-2.112219922524771754e-02
-2.752664380667446675e-02
-5.871136566449930427e-02
-1.055052156281177655e-02
-1.472667172660635515e-02
-7.003528072589082498e-03
1.284868532776928252e-02
-7.201136609276082012e-02
-4.239199911568791723e-02
-3.526572790737558805e-02
-3.526572790737558805e-02
-6.002824914721327509e-02
-4.421519041889643287e-02
-4.224831326167166612e-02
-4.421519041889643287e-02
-2.606400400512265403e-02
-5.070735388533453847e-02
-8.834707597152557934e-02
-2.460247152916894553e-02
-1.230840605073912908e-02
-1.230840605073912908e-02
-3.482267757447676804e-02
-3.482267757447676804e-02
-7.543654791965181960e-02
-4.254239450900110242e-02
-5.072652505054142669e-02
-3.849643676537539694e-02
-4.238784865406319824e-02
-7.913607251654086738e-02
-3.178969601324299621e-02
-1.791116387458513426e-02
-1.950383609542150065e-02
0.000000000000000000e+00
-5.208845732891831393e-02
-3.526572790737558805e-02
-3.526572790737558805e-02
-6.619666723837180911e-02
-5.176781071389024991e-02
-1.033671383162370061e-01
-1.452288592258355049e-02
-1.452288592258355049e-02
-2.357519219509685016e-02
-1.262041369998390117e-02
-2.557679843553073429e-02
-1.285230783482871342e-02
-3.482267757447676804e-02
-3.482267757447676804e-02
-3.482267757447676804e-02
-5.072652505054142669e-02
-4.254239450900110242e-02
-8.628519504416132246e-02
-5.208532465117099441e-02
-3.456630196472854077e-02
-2.137682921363315280e-02
-1.791116387458513426e-02
-1.950383609542150065e-02
0.000000000000000000e+00
-4.154072961810884035e-02
-3.526572790737558805e-02
-4.154072961810884035e-02
-4.224831326167166612e-02
-1.022292707698224667e-01
-9.029326913208779448e-02
-2.197691073272678430e-02
-8.476898216195682956e-02
-2.183244034150466639e-02
-1.230840605073912908e-02
-2.005792970123354557e-02
-6.131328454659779048e-02
-3.482267757447676804e-02
-7.900849322475367309e-02
-7.805598053312157170e-02
-8.818012139206710120e-02
-7.406431938579483010e-02
-6.252158325325352095e-02
-2.867810196339815043e-02
-4.308843797064343395e-02
-2.937304178689803535e-02
-2.272206650289942953e-02
-3.303006243305817158e-02
-1.181020797232101849e-02
-6.002824914721327509e-02
-4.535200305254050157e-02
-3.526572790737558805e-02
-4.224831326167166612e-02
-4.421519041889643287e-02
-7.856084257129736237e-02
-2.197691073272678430e-02
-1.452288592258355049e-02
-5.070735388533453847e-02
-1.285230783482871342e-02
-3.199310227138041363e-02
-1.230840605073912908e-02
-3.482267757447676804e-02
-3.482267757447676804e-02
-3.482267757447676804e-02
-8.028381803624817792e-02
-4.254239450900110242e-02
-3.785105329410443087e-02
-2.502355074531081858e-02
-2.503336443581871684e-02
-2.137682921363315280e-02
-9.312609792669246378e-02
-4.315951629541736612e-02
-1.181020797232101849e-02
-3.526572790737558805e-02
-3.526572790737558805e-02
-3.526572790737558805e-02
-4.224831326167166612e-02
-5.977555371880693968e-02
-4.264583196460636216e-02
-5.070735388533453847e-02
-2.197691073272678430e-02
-1.452288592258355049e-02
-1.230840605073912908e-02
-1.230840605073912908e-02
-1.230840605073912908e-02
-3.482267757447676804e-02
-7.543654791965181960e-02
-6.005877995020736382e-02
-5.072652505054142669e-02
-4.254239450900110242e-02
-3.785105329410443087e-02
-2.720834002526295592e-02
-2.379169421567350895e-02
-2.654789057336026659e-02
-1.791116387458513426e-02
-3.213599164359204341e-02
0.000000000000000000e+00
-5.208845732891831393e-02
-7.372714060891838450e-02
-4.535200305254050157e-02
-3.969064614903927701e-02
-6.573884446372235679e-02
-4.421519041889643287e-02
-8.476898216195682956e-02
-2.197691073272678430e-02
-2.606400400512265403e-02
-3.827939394115686955e-02
-1.230840605073912908e-02
-1.230840605073912908e-02
-3.482267757447676804e-02
-3.482267757447676804e-02
-3.482267757447676804e-02
-4.189237691966041233e-02
-5.072652505054142669e-02
-5.202021267224254952e-02
-4.238784865406319824e-02
-2.215746695641485076e-02
-3.315144412031079124e-02
-1.570396819518682374e-02
-4.239859280976321365e-02
0.000000000000000000e+00
-7.758235012007230758e-02
-5.682657788120049069e-02
-3.526572790737558805e-02
-4.264583196460636216e-02
-4.224831326167166612e-02
-5.438009194345028163e-02
-5.498871558394768932e-02
-2.357519219509685016e-02
-2.357519219509685016e-02
-3.763561985138108579e-02
-3.827939394115686955e-02
-1.230840605073912908e-02
-3.482267757447676804e-02
-3.482267757447676804e-02
-3.482267757447676804e-02
-4.189237691966041233e-02
-5.072652505054142669e-02
-6.089111027451776792e-02
-1.341891808873463265e-02
-3.268795195010065768e-02
-2.654789057336026659e-02
-5.847356986232954412e-03
-4.684189723307974340e-03
-7.264992924847391009e-03
-7.817446524030380317e-03
9.297141248621132448e-03
9.297141248621132448e-03
1.447647635503535035e-03
1.814336972027486006e-03
0.000000000000000000e+00
-1.587175748110336571e-02
1.494473952413555295e-02
-1.187510929545354532e-02
1.866626869125825872e-02
1.917754829998841171e-02
1.917754829998841171e-02
2.490209513701413524e-02
-3.052610083308926470e-03
2.490209513701413524e-02
1.112619326055064306e-02
1.112619326055064306e-02
-8.827713292931305133e-03
-1.798593036137730028e-02
-6.627004040886563807e-03
-2.756103288330669088e-02
2.277404067378618890e-02
1.887643567798802380e-03
3.287315710295579674e-02
-7.817446524030380317e-03
1.066094222944902192e-03
0.000000000000000000e+00
1.814336972027486006e-03
0.000000000000000000e+00
1.447647635503535035e-03
-1.187510929545354532e-02
1.494473952413555295e-02
2.190306653091411704e-02
1.917754829998841171e-02
6.704968386813892067e-03
1.866626869125825872e-02
2.490209513701413524e-02
-3.588762320272176343e-02
2.490209513701413524e-02
3.118294316059699867e-03
1.053697117705554298e-02
1.478953586200737469e-02
2.010169680005885473e-02
1.530510779575217084e-02
5.180736659077533890e-03
2.277404067378618890e-02
1.887643567798802380e-03
4.018895154174195739e-03
-1.741765850379095593e-02
9.297141248621132448e-03
9.297141248621132448e-03
1.447647635503535035e-03
1.447647635503535035e-03
1.447647635503535035e-03
2.190306653091411704e-02
2.190306653091411704e-02
2.190306653091411704e-02
1.917754829998841171e-02
6.704968386813892067e-03
1.866626869125825872e-02
-1.140696697010934457e-02
-3.120782220346685065e-02
2.490209513701413524e-02
1.112619326055064306e-02
1.112619326055064306e-02
1.478953586200737469e-02
2.010169680005885473e-02
1.530510779575217084e-02
5.180736659077533890e-03
2.072217097461226398e-02
2.331859665131985615e-02
-1.404174715968165010e-02
-3.138664820000502953e-02
-2.548956506324806526e-02
0.000000000000000000e+00
1.814336972027486006e-03
-6.320162405946261330e-02
1.447647635503535035e-03
2.190306653091411704e-02
2.190306653091411704e-02
2.190306653091411704e-02
1.917754829998841171e-02
6.704968386813892067e-03
1.866626869125825872e-02
2.490209513701413524e-02
2.490209513701413524e-02
2.490209513701413524e-02
1.112619326055064306e-02
1.112619326055064306e-02
1.478953586200737469e-02
2.010169680005885473e-02
2.208304189999182876e-02
5.180736659077533890e-03
-4.686670488776978338e-02
-1.803588787732901544e-03
1.116568715081323049e-02
-7.817446524030380317e-03
9.297141248621132448e-03
9.297141248621132448e-03
4.173645476649889829e-03
0.000000000000000000e+00
1.447647635503535035e-03
2.190306653091411704e-02
2.190306653091411704e-02
2.190306653091411704e-02
-2.636133536536344746e-02
1.866626869125825872e-02
6.704968386813892067e-03
-2.016738332297440817e-02
2.340856803544455467e-03
2.490209513701413524e-02
3.118294316059699867e-03
1.053697117705554298e-02
1.478953586200737469e-02
2.010169680005885473e-02
1.530510779575217084e-02
5.180736659077533890e-03
2.277404067378618890e-02
1.887643567798802380e-03
1.649714436288374220e-02
-1.352800027541456451e-02
0.000000000000000000e+00
9.297141248621132448e-03
-5.389909420288652164e-02
1.447647635503535035e-03
1.814336972027486006e-03
1.723595412939127325e-02
1.345274488401715374e-02
-1.033389245682514446e-02
-2.925013901811202022e-02
-9.933801748966741840e-03
1.866626869125825872e-02
-1.460030911711307500e-02
-2.016738332297440817e-02
2.340856803544455467e-03
1.112619326055064306e-02
1.112619326055064306e-02
1.478953586200737469e-02
2.010169680005885473e-02
1.530510779575217084e-02
5.180736659077533890e-03
2.072217097461226398e-02
2.331859665131985615e-02
2.063369849104501608e-02
-3.138664820000502953e-02
-1.057682260443448818e-02
0.000000000000000000e+00
1.814336972027486006e-03
0.000000000000000000e+00
1.447647635503535035e-03
2.190306653091411704e-02
2.190306653091411704e-02
-1.187510929545354532e-02
1.354858413790849259e-02
-3.355347351870485717e-02
-3.746218536950640665e-02
2.490209513701413524e-02
2.490209513701413524e-02
-1.140696697010934457e-02
0.000000000000000000e+00
1.053697117705554298e-02
1.284481796717851232e-02
1.718282750008182092e-03
1.049494912337456398e-02
5.180736659077533890e-03
-2.844862171761497471e-03
-1.592559696923478985e-02
4.018895154174195739e-03
-1.741765850379095593e-02
9.297141248621132448e-03
-1.352800027541456451e-02
-2.246250173430297536e-02
-9.376567613932684786e-03
-4.104150523216776314e-02
2.190306653091411704e-02
-2.421380501563985543e-02
-5.158768200146301997e-02
-4.793718091538279324e-03
1.917754829998841171e-02
6.704968386813892067e-03
-7.006188974850613427e-03
2.490209513701413524e-02
5.434615659879682426e-03
0.000000000000000000e+00
-2.367453412597897433e-02
1.420451447207660145e-02
-1.080487196134718442e-01
-9.414356132212209349e-02
-4.930596357634620119e-02
-5.563476826015567589e-02
-5.185415745689780920e-02
-7.355261237798238483e-02
-1.000585022676354630e-01
-7.878623472804191508e-02
-1.352800027541456451e-02
1.447647635503535035e-03
1.814336972027486006e-03
0.000000000000000000e+00
1.723595412939127325e-02
-1.684377348265875263e-03
-1.829321180078302689e-02
-1.443794893246055366e-01
-2.031393192433231798e-01
-7.050172279185051849e-02
-7.717912033379570325e-02
-7.717912033379570325e-02
-7.387638809179797317e-02
-6.643601969805346119e-02
-6.927561115909619538e-02
-5.281411733552199284e-02
3.570891698529127245e-02
2.522036133976751637e-02
8.831897083837025875e-03
4.794997625876362690e-02
4.776724847518726280e-02
4.036425568514917517e-02
2.962770720252738688e-02
4.556018252376031752e-02
3.911655337371988672e-02
4.728601658889680648e-02
-3.008125480463019752e-02
-5.721320983500732815e-02
-1.020065372448697438e-01
-7.225507870529113141e-03
-7.225507870529113141e-03
2.004420218301283807e-02
1.800128014450735892e-02
6.042072805249265599e-03
2.686229475270018874e-02
6.979893218720945036e-03
1.009267284081671878e-02
4.162724211314677847e-02
3.565699819820872252e-02
9.848053230568698524e-03
1.695240449792534410e-02
3.841850565938698114e-02
4.112948607349453667e-03
3.530353545544084870e-02
4.478050262589028385e-02
3.643194613505373880e-02
9.943218627061378712e-03
4.090527399659910079e-02
4.090527399659910079e-02
1.917298041478743276e-02
4.785014752984456665e-02
5.212720871413489832e-02
4.275364853411328658e-02
4.275364853411328658e-02
4.275364853411328658e-02
3.385130469970987210e-02
3.266354758712913808e-02
3.281223058747423371e-02
3.274543069584417987e-02
3.828911023467035379e-02
3.727941257555966725e-02
3.737947039068917343e-02
3.052000027124734949e-02
1.321575925688212028e-02
3.995604323623963561e-02
1.012966693651629058e-02
1.059425226335825032e-02
4.412383259808749791e-03
5.598269647169917818e-03
4.829948226499986008e-02
-4.511660362072067443e-05
-1.008723872927785870e-02
-1.478505565634113950e-04
5.212720871413489832e-02
4.785014752984456665e-02
4.913668749266242308e-02
4.267677385563739545e-02
4.095143107173754293e-02
4.267677385563739545e-02
2.827149779882859315e-02
3.280093140946882535e-02
3.266354758712913808e-02
3.727941257555966725e-02
3.166810446661610934e-02
3.727941257555966725e-02
3.833967499643614607e-02
3.565699819820872252e-02
1.212237275786609558e-02
3.593783702891018006e-02
2.475603986400531920e-02
8.016086597102345390e-03
5.391181067962969031e-02
3.796630966082831238e-02
4.153459925546570952e-02
6.038260441865839212e-03
3.522341048052879398e-02
4.485007323836626147e-02
4.913668749266242308e-02
5.221968700104484551e-02
4.785014752984456665e-02
2.532676370259689946e-02
4.275364853411328658e-02
-2.534056735570111574e-02
3.266354758712913808e-02
2.180370196925068838e-02
3.266354758712913808e-02
3.341072252095234063e-03
1.420166735103067790e-02
3.166810446661610934e-02
3.507268514275424520e-02
3.886344813154407607e-02
-1.019998193449933588e-02
3.537624699387770244e-02
2.418103961763734544e-02
1.059425226335825032e-02
4.912335662114819534e-02
4.290236740709296726e-02
4.829948226499986008e-02
1.036255515168038599e-02
4.387501255757536578e-02
-2.512390809113140833e-03
4.913668749266242308e-02
4.913668749266242308e-02
4.913668749266242308e-02
2.532676370259689946e-02
5.148579589373869503e-03
3.949586784805081408e-02
3.229851285864709931e-02
-2.455100029849288656e-02
3.266354758712913808e-02
4.013791943925593131e-02
3.727941257555966725e-02
3.727941257555966725e-02
3.737947039068917343e-02
-2.394887491779718047e-02
-1.625123326017463565e-02
1.805748612806634679e-02
1.098380218722089241e-02
-4.649445838100718653e-02
3.809831980271033425e-02
2.576593164655105461e-02
5.878559929966215014e-02
2.424511390289052493e-02
2.753676121014514422e-06
2.575714773885362519e-02
5.463246318941972213e-02
5.227270107572928870e-02
5.227270107572928870e-02
1.300233631407476942e-02
5.119147508682325709e-02
5.119147508682325709e-02
2.927623634587128709e-02
0.000000000000000000e+00
2.927623634587128709e-02
1.271103984817001376e-02
5.267557813511092313e-02
5.267557813511092313e-02
5.011273701971041827e-02
5.011273701971041827e-02
1.276348088322842855e-02
6.353630351795203079e-03
1.073623783167843015e-02
3.666218439642876525e-03
4.930804140991079665e-02
6.645470836679645554e-02
5.878559929966215014e-02
2.297185976194726642e-02
3.866678692803909856e-02
3.866678692803909856e-02
4.761568307239638642e-02
4.761568307239638642e-02
4.657644464832866316e-02
5.119147508682325709e-02
3.146453129844950514e-02
5.119147508682325709e-02
1.920389838023228712e-02
2.347170888433919300e-02
1.645909742859702485e-02
5.267557813511092313e-02
5.267557813511092313e-02
5.267557813511092313e-02
5.011273701971041827e-02
5.011273701971041827e-02
2.069211761650469050e-02
3.111786278641470727e-02
1.750205348263927929e-02
2.908708904341916757e-03
5.077359590288388347e-02
5.623135784002708526e-02
3.738045813941492934e-02
5.238078025524900427e-02
3.866678692803909856e-02
9.088835767769976037e-03
4.772811635346513315e-02
4.761568307239638642e-02
1.329640765158512927e-03
2.841981372710700171e-02
4.197904435016991398e-02
4.692513750993110300e-03
2.419083185010634240e-02
1.808540026256344468e-02
2.579179331675762743e-02
3.925812270423006956e-02
3.920616349654842958e-02
3.925812270423006956e-02
4.330394500537998459e-02
5.011273701971041827e-02
1.766563098330919956e-02
-1.338344705258731615e-03
2.798476120589044047e-02
8.149498568645885399e-04
-4.521007184545733359e-03
5.623135784002708526e-02
4.994433404455306258e-02
1.103540469384167722e-02
3.742953285529104779e-02
3.866678692803909856e-02
4.657644464832866316e-02
4.631643581394040421e-02
4.761568307239638642e-02
3.146453129844950514e-02
7.323323442404938710e-03
3.146453129844950514e-02
2.927623634587128709e-02
2.927623634587128709e-02
1.920389838023228712e-02
5.267557813511092313e-02
5.267557813511092313e-02
5.267557813511092313e-02
4.643864635300271049e-02
4.330394500537998459e-02
2.698702183726914283e-02
3.579748267561649877e-02
2.077240902457344607e-02
-2.399411596723621809e-02
-1.350354488660421293e-02
1.580442305806817327e-02
4.807938742008693866e-02
2.297185976194726642e-02
3.866678692803909856e-02
2.424511390289052493e-02
4.761568307239638642e-02
4.304843789207307703e-02
4.761568307239638642e-02
4.197904435016991398e-02
4.197904435016991398e-02
4.197904435016991398e-02
0.000000000000000000e+00
2.419083185010634240e-02
2.927623634587128709e-02
5.267557813511092313e-02
5.267557813511092313e-02
5.267557813511092313e-02
5.011273701971041827e-02
5.011273701971041827e-02
2.698702183726914283e-02
3.579748267561649877e-02
2.070553175216305331e-02
7.867363251908066069e-03
-4.977239798253485503e-03
5.534305408874773402e-02
4.807938742008693866e-02
2.297185976194726642e-02
3.866678692803909856e-02
3.866678692803909856e-02
-3.040284953365901544e-02
4.657644464832866316e-02
4.369334381980122251e-02
5.119147508682325709e-02
4.197904435016991398e-02
3.146453129844950514e-02
4.750231754176437171e-03
2.419083185010634240e-02
2.347170888433919300e-02
3.925812270423006956e-02
3.925812270423006956e-02
4.128203246808792581e-02
5.011273701971041827e-02
3.822521647041210446e-02
1.984664291994620022e-02
2.539350482599084247e-02
2.020083271873995834e-02
7.867363251908066069e-03
5.859746312613661745e-02
6.344338736239546472e-02
5.878559929966215014e-02
2.424511390289052493e-02
3.866678692803909856e-02
2.115690976054385164e-02
2.932979923453293836e-02
4.761568307239638642e-02
4.918385332406266519e-02
1.055733598120611738e-02
2.327097962909630002e-02
3.753552367434398462e-02
1.920389838023228712e-02
2.419083185010634240e-02
1.920389838023228712e-02
4.128203246808792581e-02
3.474936866611283426e-02
3.054218050724238909e-02
4.330394500537998459e-02
3.822521647041210446e-02
1.656958058885682483e-02
5.032909163649212925e-02
4.608330171118002472e-03
7.100715645025734712e-03
6.203606232753339222e-02
-6.251975087699479516e-03
3.252850154285263917e-02
3.223214455483092156e-02
4.219773991683489767e-02
3.852612545066202987e-02
6.514207325191545550e-02
4.721916043412410779e-02
6.263945035774659553e-02
5.775071844862444959e-02
3.856800463341408802e-02
1.388476516374648195e-02
3.499669162152796442e-02
-1.482493489796421482e-02
-1.516969973463822008e-02
4.178123462644062203e-02
4.658546803848878648e-02
4.297979445191857373e-02
5.049768039198365699e-02
3.452206060107049224e-02
-8.496048756102769772e-03
1.146665077731201521e-03
1.882548512706105903e-02
9.846702797248141348e-03
5.243336976713175446e-02
5.517745299446918938e-02
5.862119655456971001e-02
2.878739351066550434e-02
3.520376931999263936e-02
4.558667691799178634e-02
-1.092925576123104925e-02
3.307992861351971570e-03
5.627306752612082352e-02
5.314933651293213268e-02
-1.384024903281488861e-02
-2.580660811949742062e-02
3.499669162152796442e-02
2.245441712092455244e-02
3.365987073148790643e-02
4.463453455414734261e-02
4.222307538720643239e-02
4.906219887648821665e-02
4.840080412759545370e-02
5.622787211569801880e-02
3.578696341748949239e-02
3.450540107018262859e-02
1.886572860408297636e-02
5.819618939587101192e-03
3.336591481118078573e-02
5.517745299446918938e-02
5.862119655456971001e-02
2.878739351066550434e-02
3.513167418320695123e-02
3.818113908782466703e-02
6.164813027300991566e-02
2.714086924123843003e-02
3.509299686985178912e-02
4.658091338645298229e-02
5.314933651293213268e-02
3.857427567949772707e-02
4.544595515041494060e-03
3.400974538754808485e-02
2.959663010642443748e-02
4.495448948398123035e-02
1.622896982434685054e-02
4.341172175468649419e-02
5.850402446422081626e-02
5.457850829163762851e-02
2.658990439593539312e-02
1.726992657755355154e-02
1.933161830930807401e-02
5.916349963938971612e-03
-2.174788656536053022e-02
6.128505823735680424e-02
5.571724845407388660e-02
-1.058604840200549901e-02
4.808239994860469269e-02
3.818113908782466703e-02
6.417355290017634495e-02
5.557286401530014963e-02
5.627306752612082352e-02
3.856800463341408802e-02
5.406636746233423052e-02
3.857427567949772707e-02
3.365987073148790643e-02
3.101562837675730933e-02
3.101562837675730933e-02
4.906219887648821665e-02
4.222307538720643239e-02
4.463453455414734261e-02
4.840080412759545370e-02
4.840080412759545370e-02
3.339996287351632009e-02
2.380337695736672865e-02
2.264334581317339889e-02
6.945102528539082165e-03
-3.505167371788253661e-02
2.402148143136018099e-02
5.862119655456971001e-02
2.820734160411997316e-02
2.131441441407810888e-02
2.820734160411997316e-02
2.290055613768937626e-03
5.557286401530014963e-02
5.559451662989217668e-02
3.857427567949772707e-02
5.314933651293213268e-02
3.130746270757001071e-02
3.397274070535638568e-02
3.348750871933464657e-02
3.101562837675730933e-02
4.222307538720643239e-02
4.906219887648821665e-02
4.906219887648821665e-02
5.622787211569801880e-02
5.185478046194541557e-02
1.668385996572707697e-04
1.610956924787732003e-02
1.937181982229452260e-02
6.498237933636075159e-03
4.742919236116727166e-02
6.446477337691847165e-02
5.550819724633226926e-02
2.131441441407810888e-02
4.474639683831299619e-02
4.848470054142239860e-02
5.557286401530014963e-02
6.417355290017634495e-02
1.768485987530021841e-02
4.017292026917768100e-02
5.517659605053015781e-02
5.314933651293213268e-02
3.397274070535638568e-02
2.090560587681200566e-02
3.101562837675730933e-02
4.178123462644062203e-02
4.798363538663691363e-02
5.004530747232410759e-02
5.622787211569801880e-02
5.622787211569801880e-02
3.057266494346888575e-02
2.380337695736672865e-02
2.420891502340016821e-02
-5.238363006899282581e-03
4.207223921288677504e-02
5.894920643560630502e-02
5.862119655456971001e-02
3.223214455483092156e-02
1.195300687378042515e-02
4.802089673917542267e-02
-7.403610892975809321e-03
2.027024304428115542e-02
6.417355290017634495e-02
3.565083884396352820e-02
3.856800463341408802e-02
5.314933651293213268e-02
3.342599914159982699e-02
3.397274070535638568e-02
3.365987073148790643e-02
4.222307538720643239e-02
4.658546803848878648e-02
4.463453455414734261e-02
5.622787211569801880e-02
5.049768039198365699e-02
3.578696341748949239e-02
2.941220504561103954e-02
1.280952030820142751e-02
2.877049725050762063e-04
4.362095302978097333e-02
3.728703032916508286e-02
5.662104908949805449e-02
3.571806677535033225e-02
5.340525530793249764e-02
3.477402247147237668e-02
4.733628079951124334e-02
-2.748655380136322268e-02
-3.717960791111019070e-02
5.250993773393575204e-02
5.989380533509974791e-02
-1.089449918246343518e-02
3.167714906227481197e-02
3.860656836523318480e-02
4.173729918171104059e-02
6.341723025894163701e-02
5.690515828918812913e-02
-2.261621730370588779e-05
6.463197069748793933e-02
6.463197069748793933e-02
-5.745710299946316102e-02
1.901094522270996290e-02
2.601662163507212355e-03
1.373752092021041094e-02
6.752281798255393985e-02
4.045988610892542470e-02
6.694190545667610959e-02
4.487200195946544623e-02
5.185236619499772326e-02
5.576856709930722023e-02
6.394848591558616180e-02
4.832693494727957617e-02
6.427215735550123599e-02
4.403296027401959467e-02
5.891917546300745601e-02
5.989380533509974791e-02
-1.468327965799687274e-02
4.018877222213823597e-02
1.166486468049465763e-02
6.341723025894163701e-02
6.341723025894163701e-02
6.341723025894163701e-02
6.067312313704920079e-02
6.463197069748793933e-02
4.221333949101557792e-02
4.377494484606087033e-02
2.689819201342069643e-02
1.489918219740915539e-02
7.080811916071921841e-02
6.734749309655363447e-02
5.553263833879734657e-02
4.042588508225947175e-02
1.201505749172626647e-02
6.032322753668983850e-02
2.949393252201781834e-03
6.480726192927832585e-02
1.588371992699677548e-02
5.036763227836821288e-02
5.775071844862444959e-02
2.163279571226350839e-02
4.489084809441457047e-02
4.840641321322963764e-02
4.840641321322963764e-02
5.833404807327191577e-02
4.796232489380347630e-02
3.550900731635009411e-02
6.067312313704920079e-02
6.463197069748793933e-02
4.221333949101557792e-02
1.901094522270996290e-02
2.197032791643793725e-02
1.489918219740915539e-02
6.125976470962257725e-02
6.734749309655363447e-02
5.553263833879734657e-02
4.542917957106895610e-02
5.145827449535445020e-02
6.032322753668983850e-02
6.506209494124970405e-02
6.394848591558616180e-02
6.480726192927832585e-02
5.989380533509974791e-02
5.775071844862444959e-02
5.891917546300745601e-02
4.018877222213823597e-02
4.489084809441457047e-02
4.280344715484996065e-02
6.052318226462999329e-02
6.341723025894163701e-02
5.690515828918812913e-02
6.463197069748793933e-02
6.463197069748793933e-02
4.221333949101557792e-02
4.227902569135416622e-02
1.007609834299633134e-02
1.564235472119435144e-02
-6.324538863606621319e-03
4.367612011445920484e-02
4.949455728548468603e-02
2.786443799654958475e-02
1.165187973129822030e-02
5.576856709930722023e-02
6.506209494124970405e-02
6.506209494124970405e-02
6.506209494124970405e-02
5.775071844862444959e-02
5.989380533509974791e-02
5.989380533509974791e-02
4.840641321322963764e-02
4.840641321322963764e-02
1.663673306816942921e-02
4.270852563894378395e-02
4.706790276819106111e-02
6.341723025894163701e-02
5.134998469200718896e-02
5.449358717773311600e-02
3.815101875217913330e-02
4.227902569135416622e-02
2.739590735049357573e-02
1.192654724926955900e-02
6.056246758884553660e-02
4.789559922959313321e-02
7.070316986146890637e-02
4.542917957106895610e-02
5.185236619499772326e-02
5.576856709930722023e-02
6.480726192927832585e-02
6.366705204678385632e-02
6.602139667303680293e-02
5.891917546300745601e-02
5.989380533509974791e-02
5.775071844862444959e-02
4.840641321322963764e-02
4.840641321322963764e-02
4.489084809441457047e-02
5.255224177822742648e-02
4.706790276819106111e-02
5.523086422621431568e-02
2.900226692606344692e-02
4.889282443509718190e-02
1.040189806150826346e-02
4.432086163547155344e-02
2.689819201342069643e-02
1.473538506027904926e-02
6.752281798255393985e-02
6.734749309655363447e-02
7.070316986146890637e-02
4.016886746624842575e-02
5.942410819098092878e-02
6.032322753668983850e-02
6.506209494124970405e-02
6.480726192927832585e-02
6.366705204678385632e-02
3.761601466717284792e-02
5.989380533509974791e-02
5.775071844862444959e-02
4.840641321322963764e-02
4.840641321322963764e-02
4.840641321322963764e-02
5.690515828918812913e-02
5.833404807327191577e-02
6.341723025894163701e-02
6.463197069748793933e-02
5.449358717773311600e-02
3.894745584948788863e-02
1.396415986442611779e-02
1.522412694957575585e-02
1.234615432883562347e-02
5.997992037789895425e-02
1.403354276049895155e-02
6.707855825551972684e-02
3.789401754489329921e-02
5.192978060430847309e-02
5.192978060430847309e-02
6.934243451935101499e-02
6.934243451935101499e-02
6.166802485336386752e-02
4.242064668042733189e-02
4.151888592257035882e-02
5.708626234939612187e-02
2.607537995640057948e-02
3.793831462519425823e-02
3.852500743247716519e-02
5.406228396851403550e-02
5.919828011584632455e-02
6.000589506319048416e-02
5.546452284874214822e-02
3.899328512657002088e-02
2.022107089817914982e-02
2.844304456221813382e-02
3.443974294989077256e-02
2.086793019897198453e-02
6.689372559857209577e-02
6.369646130908124260e-02
6.707855825551972684e-02
3.789401754489329921e-02
5.192978060430847309e-02
4.774030555194619385e-02
5.273074656969523044e-02
6.934243451935101499e-02
6.934243451935101499e-02
5.990448493921241013e-02
5.990448493921241013e-02
4.151888592257035882e-02
2.562851086525430588e-02
4.792681565477246997e-02
4.792681565477246997e-02
5.389098374185780083e-02
6.263482759839644753e-02
6.000589506319048416e-02
4.719375460275132550e-02
5.413522751694910262e-02
2.947237424520737781e-02
4.806647893792731496e-02
3.717430167556207143e-02
-7.192624312624129601e-05
5.931427228741792401e-02
6.957536257118407397e-02
6.509749122884972428e-02
3.789401754489329921e-02
4.119329060738818882e-02
5.192978060430847309e-02
6.934243451935101499e-02
-7.065498048723584112e-03
4.965038986017561440e-02
8.481034860240876938e-03
5.708626234939612187e-02
2.066041934956630577e-02
5.008441355122528194e-02
5.149566028121871364e-02
5.149566028121871364e-02
6.263482759839644753e-02
1.075062673193838414e-02
6.000589506319048416e-02
4.277634171814520547e-02
5.546452284874214822e-02
2.085095726375763014e-02
5.475467664472483120e-02
4.663177948355429203e-02
2.606949838773853223e-03
-6.665025756746989494e-03
6.369646130908124260e-02
5.368060932025570109e-02
2.256753054531057678e-02
2.093178839971521210e-02
5.192978060430847309e-02
6.934243451935101499e-02
6.934243451935101499e-02
6.934243451935101499e-02
3.248866180024789774e-02
5.990448493921241013e-02
5.990448493921241013e-02
4.190861058161321484e-02
4.792681565477246997e-02
2.562851086525430588e-02
5.389098374185780083e-02
6.263482759839644753e-02
6.000589506319048416e-02
3.987734950400484424e-02
4.719375460275132550e-02
3.259943863942987852e-02
5.032909163649212925e-02
2.518110959732250409e-02
2.326545704094590272e-02
-3.575528770667357747e-04
3.309821424220654729e-02
5.368060932025570109e-02
2.256753054531057678e-02
4.731655095161285685e-02
3.358264239867880807e-02
5.876711146237190153e-02
6.934243451935101499e-02
6.085686740812062956e-02
5.648160411727809471e-02
5.990448493921241013e-02
5.990448493921241013e-02
4.997922229132073513e-02
5.008441355122528194e-02
5.008441355122528194e-02
6.263482759839644753e-02
4.049548217082349355e-02
5.403840096713241614e-02
4.719375460275132550e-02
5.546452284874214822e-02
2.959366095437299116e-02
1.884249291496065126e-02
3.061197271608689929e-02
2.086793019897198453e-02
1.239275187271959844e-03
6.369646130908124260e-02
6.707855825551972684e-02
2.256753054531057678e-02
4.731655095161285685e-02
3.703663566852516409e-02
6.934243451935101499e-02
6.934243451935101499e-02
6.934243451935101499e-02
5.990448493921241013e-02
5.990448493921241013e-02
5.990448493921241013e-02
4.190861058161321484e-02
5.008441355122528194e-02
4.792681565477246997e-02
6.000589506319048416e-02
2.771488448120329462e-02
6.263482759839644753e-02
5.546452284874214822e-02
5.546452284874214822e-02
3.259943863942987852e-02
5.032909163649212925e-02
3.949094331439551020e-02
1.803789475635070305e-02
6.305645070719290146e-02
6.779029158321414616e-02
6.707855825551972684e-02
3.358264239867880807e-02
5.192978060430847309e-02
3.594630513811225558e-02
2.992665102871089333e-02
6.934243451935101499e-02
5.621211834461314893e-02
5.648160411727809471e-02
3.698770571710485733e-02
4.199352158407010371e-02
3.113123372748660689e-02
4.997922229132073513e-02
3.696591731260784330e-02
5.389098374185780083e-02
5.834100321619234419e-02
6.263482759839644753e-02
5.546452284874214822e-02
5.546452284874214822e-02
2.938449597444675598e-02
-9.228374376082371100e-04
1.279961345475677525e-02
-2.888085317878430480e-02
3.979760751181499190e-02
4.755034821802350820e-02
6.187584640614540721e-02
2.762046776053850294e-03
5.034014185656060514e-02
4.879440802072460004e-02
5.852264072608409640e-02
5.852264072608409640e-02
6.029075410509182609e-02
3.839666812828079756e-02
4.248183326886617595e-02
5.559066046576188747e-02
4.170310887422734591e-02
1.901031196568481185e-03
2.002613515058287996e-02
5.031626820953583046e-02
5.465387254154979724e-02
5.180943833667900345e-02
5.025273648056272080e-02
4.596639449733652683e-02
2.311201378955141106e-02
1.167284695767034641e-02
2.542793496736772685e-02
1.508402020200000360e-02
6.173088046175684296e-02
7.312500612790673316e-02
2.801335516288905314e-02
2.396963835668297627e-02
3.987694441580991178e-02
5.792477738962237277e-02
-1.589630487310700335e-02
6.516185065226959283e-02
6.901555958986388406e-02
5.800796042872358171e-02
5.846132265673598116e-02
5.559066046576188747e-02
3.146855578906171402e-02
4.034372880849801390e-02
4.378019187545845181e-02
4.424976850816769725e-02
5.002348305186926636e-02
5.180943833667900345e-02
6.109995257433803451e-02
5.397611011790870439e-02
3.103854048581472513e-02
4.427134609439581370e-02
3.158552306434164736e-02
1.749452405414581024e-02
6.173088046175684296e-02
6.091901136967814434e-02
5.034204516240264882e-02
3.993651892577798623e-02
4.112189343308053635e-02
5.792477738962237277e-02
5.143630179036995376e-02
6.455104574726111544e-02
4.951929986045544574e-03
2.001064314880740547e-02
4.356073778953611919e-02
4.562656339436643727e-03
4.170310887422734591e-02
4.378019187545845181e-02
4.034372880849801390e-02
5.031626820953583046e-02
2.117388215384474748e-02
-6.641776706244106876e-03
8.616990452053885363e-03
6.109995257433803451e-02
2.977682337728954076e-02
1.395192467743755493e-02
3.476060708051464943e-02
1.684650272842191931e-02
6.195088819519239953e-02
6.155336493216800875e-02
5.501349131896043909e-02
3.823236908091948161e-02
4.711976712418286528e-02
5.792477738962237277e-02
6.455104574726111544e-02
-3.656704472228211600e-03
6.455104574726111544e-02
5.559066046576188747e-02
4.309314681979531381e-02
5.172186777576248673e-03
3.979818612767438424e-02
3.979818612767438424e-02
4.034372880849801390e-02
4.929520055337721640e-02
-3.193805493293122577e-02
5.086642034221389164e-02
1.030071251347086658e-02
6.109995257433803451e-02
8.919450041623533387e-03
4.326417606492344303e-02
1.878772282274371319e-02
1.684650272842191931e-02
1.030007088104722968e-02
4.314402931304989197e-02
3.528351153323822098e-02
3.372989355946243162e-02
5.402188402741714413e-02
4.239536648421643461e-02
6.455104574726111544e-02
6.455104574726111544e-02
6.901555958986388406e-02
5.846132265673598116e-02
5.559066046576188747e-02
5.559066046576188747e-02
4.378019187545845181e-02
3.979818612767438424e-02
4.015446948473649913e-02
2.854881238805817567e-02
4.919909345505008025e-02
5.566352582592298814e-02
6.109995257433803451e-02
5.397611011790870439e-02
2.827510494566171095e-02
2.405328435556591815e-02
4.234460279236268443e-02
1.749452405414581024e-02
5.863451298355953911e-02
6.091901136967814434e-02
5.501349131896043909e-02
2.463653737629389884e-02
3.894553515885695871e-02
5.792477738962237277e-02
6.469697162475929186e-02
6.720580934819531116e-02
6.901555958986388406e-02
5.559066046576188747e-02
5.741524908184492126e-02
1.824536120827935370e-02
-2.041561576514350218e-02
-1.013523172389085847e-02
5.737425909218885067e-03
-4.580095408540441060e-02
-8.550899464935812766e-03
-3.340054179175044879e-04
2.001682887908740049e-02
5.554645407741559682e-02
3.850931274309005170e-02
-9.185544079563512376e-02
