5.782578053840738974e-01
4.496581162172219592e-04
1.361845087666884169e-01
6.815837407227824940e-01
4.413060805783919349e-01
-8.996636063299607855e-01
1.043910320647647438e-01
1.043910320647647438e-01
1.043910320647647438e-01
-7.360709720894575980e-02
-3.473454261797570553e-04
4.206271131140049135e-02
1.814407560551192233e-01
1.814407560551192233e-01
-3.792795107671054211e-04
-2.192981121746626627e-01
9.797376533903445761e-02
9.797376533903445761e-02
2.924985942520663684e-05
6.181128417313885848e-03
-6.990484320692988973e-01
-3.824785811752207110e-02
1.244666498309117131e-01
7.628220124651265976e-01
4.387680906379438639e-01
-4.793982125071218903e-01
1.339925092687863639e-01
6.815837407227824940e-01
4.413060805783919349e-01
1.866679032049844977e-04
-6.494240831739972464e-02
1.043910320647647438e-01
1.043910320647647438e-01
4.206271131140049135e-02
4.206271131140049135e-02
4.206271131140049135e-02
1.814407560551192233e-01
1.814407560551192233e-01
1.814407560551192233e-01
9.797376533903445761e-02
9.797376533903445761e-02
9.797376533903445761e-02
2.924985942520663684e-05
2.924985942520663684e-05
2.924985942520663684e-05
1.205462779832551234e-01
1.205462779832551234e-01
8.466829247121685498e-01
5.753441289039944451e-01
9.075668610931799662e-01
1.339925092687863639e-01
-5.008265063144916596e-01
-3.581812979813747688e-04
1.866679032049844977e-04
1.105652131650103343e-01
1.043910320647647438e-01
1.043910320647647438e-01
-3.473454261797570553e-04
4.772283616369143999e-02
4.772283616369143999e-02
1.814407560551192233e-01
1.875197590111401524e-01
1.814407560551192233e-01
9.797376533903445761e-02
9.797376533903445761e-02
9.797376533903445761e-02
2.924985942520663684e-05
2.924985942520663684e-05
2.924985942520663684e-05
-2.236460199912642111e-01
1.244666498309117131e-01
8.466829247121685498e-01
3.076897487699223888e-01
4.200127294837612268e-01
1.339925092687863639e-01
6.815837407227824940e-01
4.413060805783919349e-01
1.866679032049844977e-04
1.043910320647647438e-01
1.043910320647647438e-01
-6.494240831739972464e-02
4.583909583358014572e-02
4.206271131140049135e-02
4.206271131140049135e-02
1.135935335445594774e-01
1.875197590111401524e-01
1.814407560551192233e-01
9.797376533903445761e-02
-5.096405757389277369e-02
9.797376533903445761e-02
2.924985942520663684e-05
2.924985942520663684e-05
2.924985942520663684e-05
-3.824785811752207110e-02
1.244666498309117131e-01
8.466829247121685498e-01
6.525120878843280181e-01
2.693463730402614331e-01
1.339925092687863639e-01
6.815837407227824940e-01
4.413060805783919349e-01
1.866679032049844977e-04
1.043910320647647438e-01
1.043910320647647438e-01
1.043910320647647438e-01
4.206271131140049135e-02
4.206271131140049135e-02
4.206271131140049135e-02
1.135935335445594774e-01
1.814407560551192233e-01
1.814407560551192233e-01
9.797376533903445761e-02
9.797376533903445761e-02
9.797376533903445761e-02
2.924985942520663684e-05
2.924985942520663684e-05
2.924985942520663684e-05
1.205462779832551234e-01
1.205462779832551234e-01
7.628220124651265976e-01
6.464520084275111600e-01
2.693463730402614331e-01
1.339925092687863639e-01
6.815837407227824940e-01
-2.520591859749288233e-04
7.575779224916949772e-01
7.808325875707282648e-01
6.224517311370512118e-01
7.838916158789839272e-01
1.117563559519545890e+00
1.576757905966328366e+00
1.117563559519545890e+00
8.238077131669392372e-01
8.238077131669392372e-01
8.238077131669392372e-01
9.849154143598664035e-01
9.849154143598664035e-01
9.849154143598664035e-01
9.431289250048244810e-01
9.431289250048244810e-01
9.431289250048244810e-01
9.576982914350766762e-01
8.478162673791471704e-01
1.029374032239045000e+00
7.250932905938576312e-01
7.250932905938576312e-01
7.081558419303215501e-01
7.261333094725790360e-01
6.633966344897972434e-01
7.575779224916949772e-01
7.808325875707282648e-01
7.808325875707282648e-01
7.808325875707282648e-01
1.344738228373973499e+00
1.121968502025033843e+00
1.117563559519545890e+00
8.238077131669392372e-01
8.238077131669392372e-01
8.238077131669392372e-01
9.849154143598664035e-01
9.849154143598664035e-01
9.849154143598664035e-01
9.431289250048244810e-01
9.431289250048244810e-01
9.431289250048244810e-01
8.478162673791471704e-01
8.478162673791471704e-01
1.029374032239045000e+00
9.915765644412042334e-01
7.250932905938576312e-01
7.081558419303215501e-01
7.261333094725790360e-01
6.633966344897972434e-01
7.575779224916949772e-01
6.224517311370512118e-01
7.838916158789839272e-01
7.808325875707282648e-01
1.117563559519545890e+00
1.117563559519545890e+00
1.117563559519545890e+00
8.238077131669392372e-01
7.669261449371411743e-01
8.268660796556961401e-01
8.814890752071029567e-01
9.849154143598664035e-01
9.849154143598664035e-01
9.431289250048244810e-01
8.686887125175761781e-01
9.463424714739225863e-01
8.478162673791471704e-01
8.505530176608404602e-01
1.029374032239045000e+00
9.031948276705170642e-01
6.006934455069909973e-01
7.097781815205577161e-01
7.261333094725790360e-01
6.633966344897972434e-01
7.575779224916949772e-01
7.808325875707282648e-01
1.010900907462950471e+00
7.808325875707282648e-01
1.117563559519545890e+00
1.117563559519545890e+00
1.117563559519545890e+00
8.238077131669392372e-01
8.238077131669392372e-01
8.238077131669392372e-01
9.849154143598664035e-01
9.849154143598664035e-01
9.849154143598664035e-01
9.431289250048244810e-01
1.232610923447699847e+00
9.431289250048244810e-01
8.478162673791471704e-01
8.478162673791471704e-01
1.029374032239045000e+00
9.031948276705170642e-01
6.630627542074920555e-01
7.081558419303215501e-01
-1.274428870256549828e-01
7.577888870439695168e-01
7.575779224916949772e-01
7.808325875707282648e-01
8.830253380047654588e-01
7.808325875707282648e-01
1.117563559519545890e+00
1.117563559519545890e+00
1.117563559519545890e+00
8.238077131669392372e-01
1.054444534728643745e+00
8.238077131669392372e-01
9.849154143598664035e-01
9.849154143598664035e-01
8.814890752071029567e-01
9.431289250048244810e-01
9.431289250048244810e-01
8.701856144417057237e-01
6.815273294528862991e-01
8.478162673791471704e-01
1.029374032239045000e+00
9.031948276705170642e-01
7.264407492328510685e-01
7.081558419303215501e-01
7.261333094725790360e-01
6.633966344897972434e-01
7.575779224916949772e-01
7.808325875707282648e-01
7.808325875707282648e-01
7.808325875707282648e-01
1.159612571789899960e+00
1.121968502025033843e+00
1.117563559519545890e+00
8.238077131669392372e-01
8.238077131669392372e-01
8.238077131669392372e-01
9.849154143598664035e-01
9.849154143598664035e-01
8.814890752071029567e-01
9.479431308496462094e-01
1.232610923447699847e+00
9.431289250048244810e-01
8.478162673791471704e-01
8.478162673791471704e-01
9.689969326607448252e-01
9.054655385735497219e-01
7.250932905938576312e-01
7.081558419303215501e-01
7.261333094725790360e-01
6.633966344897972434e-01
7.575779224916949772e-01
6.224517311370512118e-01
7.808325875707282648e-01
7.808325875707282648e-01
1.117563559519545890e+00
1.117563559519545890e+00
1.117563559519545890e+00
8.238077131669392372e-01
8.238077131669392372e-01
8.238077131669392372e-01
9.849154143598664035e-01
9.849154143598664035e-01
9.895253014140337200e-01
9.431289250048244810e-01
9.431289250048244810e-01
9.431289250048244810e-01
8.478162673791471704e-01
8.478162673791471704e-01
1.029374032239045000e+00
5.878473568178552711e-01
9.383960257204249089e-01
7.081558419303215501e-01
7.394786280765561770e-01
6.831757796360315993e-01
6.232737248478370518e-01
8.420248071407456791e-01
6.524392139786048261e-01
8.464321009878315039e-01
1.197990529904615187e+00
1.197990529904615187e+00
1.197990529904615187e+00
8.551119197746803735e-01
8.572974035340070742e-01
8.551119197746803735e-01
3.757757447077239021e-01
9.821842174475836629e-01
9.821842174475836629e-01
8.949894758245289239e-01
8.949894758245289239e-01
8.949894758245289239e-01
8.660225000591532662e-01
8.660225000591532662e-01
1.637675463067787440e+00
9.332875437024394927e-01
7.621552002236446910e-01
7.284244330933846712e-01
1.134739980851851904e+00
9.477313234773960815e-01
6.232737248478370518e-01
8.420248071407456791e-01
8.420248071407456791e-01
3.534034206637990394e-01
1.197990529904615187e+00
1.197990529904615187e+00
1.197990529904615187e+00
8.551119197746803735e-01
8.551119197746803735e-01
8.551119197746803735e-01
9.821842174475836629e-01
9.821842174475836629e-01
9.821842174475836629e-01
8.949894758245289239e-01
8.949894758245289239e-01
2.850601158297401128e-01
8.660225000591532662e-01
5.539570801056887817e-01
1.637675463067787440e+00
1.069300188426719700e+00
7.621552002236446910e-01
7.284244330933846712e-01
1.056774696356015397e+00
9.564571324899615590e-01
6.232737248478370518e-01
8.420248071407456791e-01
8.420248071407456791e-01
8.420248071407456791e-01
1.197990529904615187e+00
1.197990529904615187e+00
1.197990529904615187e+00
8.551119197746803735e-01
8.551119197746803735e-01
8.551119197746803735e-01
9.821842174475836629e-01
9.821842174475836629e-01
9.821842174475836629e-01
8.972509350320638788e-01
8.949894758245289239e-01
8.949894758245289239e-01
8.687925976510681991e-01
8.687925976510681991e-01
1.639716274299064303e+00
1.155847106842162297e+00
7.621552002236446910e-01
7.284244330933846712e-01
1.134739980851851904e+00
9.477313234773960815e-01
6.232737248478370518e-01
8.420248071407456791e-01
8.420248071407456791e-01
3.534034206637990394e-01
1.197990529904615187e+00
1.197990529904615187e+00
1.197990529904615187e+00
8.551119197746803735e-01
8.551119197746803735e-01
8.551119197746803735e-01
8.230877587286631325e-01
9.821842174475836629e-01
9.821842174475836629e-01
8.949894758245289239e-01
8.949894758245289239e-01
8.949894758245289239e-01
8.660225000591532662e-01
8.701736739575212098e-01
1.637675463067787440e+00
1.069300188426719700e+00
1.120597784717038081e+00
7.284244330933846712e-01
-2.380782715931797355e-01
1.097333302769387231e+00
6.232737248478370518e-01
8.420248071407456791e-01
8.420248071407456791e-01
7.182746697832040894e-01
1.197990529904615187e+00
1.197990529904615187e+00
1.197990529904615187e+00
8.551119197746803735e-01
8.551119197746803735e-01
8.551119197746803735e-01
8.159918040961233743e-01
8.271639473011926924e-01
9.821842174475836629e-01
8.949894758245289239e-01
8.949894758245289239e-01
8.949894758245289239e-01
8.660225000591532662e-01
8.660225000591532662e-01
1.637675463067787440e+00
9.654706601811406941e-01
1.014167391291122655e+00
7.318091250120799529e-01
1.134739980851851904e+00
9.564571324899615590e-01
6.232737248478370518e-01
8.420248071407456791e-01
8.420248071407456791e-01
8.420248071407456791e-01
1.197990529904615187e+00
1.197990529904615187e+00
1.197990529904615187e+00
8.551119197746803735e-01
8.551119197746803735e-01
-7.243758078847584159e-01
9.821842174475836629e-01
9.821842174475836629e-01
8.271639473011926924e-01
8.949894758245289239e-01
7.525974044871865942e-01
8.949894758245289239e-01
8.660225000591532662e-01
8.660225000591532662e-01
1.637675463067787440e+00
1.069300188426719700e+00
7.621552002236446910e-01
7.284244330933846712e-01
1.117472535941031353e+00
9.595598781847458625e-01
3.592705205948458769e-01
8.420248071407456791e-01
8.420248071407456791e-01
8.420248071407456791e-01
9.728006354815885715e-01
1.197990529904615187e+00
1.197990529904615187e+00
8.551119197746803735e-01
8.594797934623663593e-01
7.837157675597108408e-01
9.821842174475836629e-01
9.821842174475836629e-01
8.291972653188128817e-01
8.995090098834008785e-01
8.949894758245289239e-01
8.949894758245289239e-01
8.660225000591532662e-01
3.553070763561843037e-01
1.643790666491105945e+00
1.069300188426719700e+00
7.621552002236446910e-01
7.284244330933846712e-01
1.084280832733920619e+00
-4.149061612139028909e-01
9.063053435797998603e-01
1.065778820564874607e+00
1.065778820564874607e+00
1.065778820564874607e+00
1.703688529986161271e+00
1.703688529986161271e+00
1.703688529986161271e+00
1.086277761714313783e+00
1.086277761714313783e+00
1.086277761714313783e+00
1.352461559010306402e+00
1.352461559010306402e+00
1.352461559010306402e+00
1.256108456524604122e+00
1.256108456524604122e+00
1.256108456524604122e+00
1.176407267262573164e+00
1.176407267262573164e+00
1.876939839063324733e+00
1.277468798886688184e+00
9.941267807837146364e-01
1.026342171382383484e+00
1.254876870522064536e+00
1.108769386324235384e+00
9.063053435797998603e-01
1.065778820564874607e+00
9.333495569416179194e-01
1.065778820564874607e+00
1.703688529986161271e+00
1.703688529986161271e+00
1.703688529986161271e+00
1.086277761714313783e+00
1.086277761714313783e+00
1.015549031253311085e+00
1.356721453159099866e+00
1.352461559010306402e+00
1.352461559010306402e+00
1.256108456524604122e+00
1.026261687140580747e+00
1.256108456524604122e+00
1.176407267262573164e+00
1.176407267262573164e+00
1.876939839063324733e+00
1.253455025405278533e+00
9.941267807837146364e-01
1.026342171382383484e+00
1.254876870522064536e+00
1.108769386324235384e+00
8.720897526198756466e-01
1.065778820564874607e+00
8.730518229806243369e-01
1.070078192855300259e+00
1.703688529986161271e+00
1.703688529986161271e+00
1.709814611899581394e+00
1.086277761714313783e+00
1.086277761714313783e+00
1.017562756177948557e+00
1.885457040585656330e-01
1.352461559010306402e+00
1.352461559010306402e+00
1.256108456524604122e+00
1.256108456524604122e+00
1.256108456524604122e+00
1.176407267262573164e+00
1.176407267262573164e+00
1.876939839063324733e+00
1.277468798886688184e+00
9.941267807837146364e-01
8.314429205525497579e-01
1.254876870522064536e+00
1.108769386324235384e+00
9.063053435797998603e-01
1.065778820564874607e+00
1.065778820564874607e+00
1.065778820564874607e+00
1.703688529986161271e+00
1.703688529986161271e+00
1.707254020465446942e+00
1.090554543458825520e+00
1.086277761714313783e+00
1.086277761714313783e+00
1.352461559010306402e+00
1.352461559010306402e+00
1.352461559010306402e+00
1.256108456524604122e+00
1.256108456524604122e+00
1.256108456524604122e+00
1.176407267262573164e+00
1.176407267262573164e+00
1.876939839063324733e+00
1.153982982136437130e+00
1.255009995685645308e+00
1.026342171382383484e+00
4.258017403532754486e-01
1.259397051548293511e+00
8.620730005093832915e-01
1.065778820564874607e+00
1.065778820564874607e+00
1.065778820564874607e+00
1.381825079548498536e+00
1.703688529986161271e+00
1.707254020465446942e+00
1.090554543458825520e+00
1.086277761714313783e+00
1.086277761714313783e+00
1.352461559010306402e+00
1.352461559010306402e+00
1.352461559010306402e+00
1.256108456524604122e+00
1.256108456524604122e+00
1.256108456524604122e+00
1.176407267262573164e+00
1.176407267262573164e+00
1.876939839063324733e+00
1.277468798886688184e+00
9.941267807837146364e-01
1.026342171382383484e+00
1.254876870522064536e+00
1.108769386324235384e+00
9.063053435797998603e-01
1.065778820564874607e+00
1.065778820564874607e+00
1.065778820564874607e+00
1.703688529986161271e+00
1.703688529986161271e+00
1.703688529986161271e+00
1.086277761714313783e+00
1.086277761714313783e+00
1.086277761714313783e+00
1.352461559010306402e+00
1.352461559010306402e+00
1.352461559010306402e+00
1.256108456524604122e+00
1.256108456524604122e+00
1.026261687140580747e+00
1.176407267262573164e+00
1.176407267262573164e+00
1.876939839063324733e+00
1.277468798886688184e+00
9.941267807837146364e-01
1.026342171382383484e+00
1.254876870522064536e+00
1.108769386324235384e+00
3.592705205948458769e-01
1.065778820564874607e+00
1.065778820564874607e+00
1.065778820564874607e+00
1.703688529986161271e+00
1.703688529986161271e+00
1.703688529986161271e+00
1.086277761714313783e+00
1.086277761714313783e+00
1.086277761714313783e+00
1.352461559010306402e+00
1.352461559010306402e+00
1.201780868531290736e+00
5.277096983421909471e-01
1.124230077011580065e+00
-3.071228434913049199e-01
1.176407267262573164e+00
1.176407267262573164e+00
1.880966045877230819e+00
1.367786124321285435e+00
9.941267807837146364e-01
8.314429205525497579e-01
1.254876870522064536e+00
-3.154698241521582958e-01
2.870361674747723413e-01
4.355866987406642465e-04
2.595699764188843517e-01
4.355866987406642465e-04
3.562638571475318372e-03
4.073652724922993684e-04
4.073652724922993684e-04
4.508722331583037146e-02
4.508722331583037146e-02
4.508722331583037146e-02
3.628983414617295011e-01
7.754346281135759966e-02
3.628983414617295011e-01
4.761747841752494992e-02
4.761747841752494992e-02
4.761747841752494992e-02
-1.177621070427292693e-03
1.546580723541230995e-01
1.374800125463870870e-03
2.269348810527409555e-01
3.744624132428784336e-01
1.123731251664787933e-01
-3.716586136413013719e-04
3.915856676065754272e-02
2.870361674747723413e-01
4.355866987406642465e-04
4.355866987406642465e-04
4.355866987406642465e-04
4.073652724922993684e-04
3.789557002187642354e-01
4.073652724922993684e-04
4.508722331583037146e-02
4.508722331583037146e-02
4.508722331583037146e-02
7.754346281135759966e-02
7.754346281135759966e-02
7.754346281135759966e-02
3.355295496763286422e-01
5.103914450504198896e-02
4.761747841752494992e-02
1.546580723541230995e-01
1.546580723541230995e-01
4.695898333214820752e-03
3.007170504216656326e-01
1.116720985156289814e-01
1.123731251664787933e-01
-3.716586136413013719e-04
3.915856676065754272e-02
2.870361674747723413e-01
4.355866987406642465e-04
4.355866987406642465e-04
4.355866987406642465e-04
4.073652724922993684e-04
-2.596305674909248573e+00
8.955763636259383986e-01
4.945680733421653485e-02
4.508722331583037146e-02
4.508722331583037146e-02
7.754346281135759966e-02
7.865928674386246655e-02
8.177483263475533448e-01
4.761747841752494992e-02
5.103914450504198896e-02
4.761747841752494992e-02
1.546580723541230995e-01
1.546580723541230995e-01
4.695898333214820752e-03
3.007170504216656326e-01
2.269348810527409555e-01
1.130044654662958337e-01
5.817185637173016843e-01
4.131856196683969529e-02
2.870361674747723413e-01
4.355866987406642465e-04
4.355866987406642465e-04
4.355866987406642465e-04
4.073652724922993684e-04
4.073652724922993684e-04
4.073652724922993684e-04
4.508722331583037146e-02
4.508722331583037146e-02
6.879492909479232310e-01
7.754346281135759966e-02
7.754346281135759966e-02
7.865928674386246655e-02
7.838388798859750040e-01
4.761747841752494992e-02
4.761747841752494992e-02
1.546580723541230995e-01
1.546580723541230995e-01
4.695898333214820752e-03
3.407930561736662867e-01
-1.195575886367095109e-03
1.123731251664787933e-01
-9.085301583121134783e-01
2.815784030168186902e-01
2.870361674747723413e-01
4.355866987406642465e-04
4.355866987406642465e-04
4.355866987406642465e-04
4.073652724922993684e-04
4.073652724922993684e-04
4.073652724922993684e-04
4.508722331583037146e-02
3.016468562140186549e-01
3.016468562140186549e-01
7.754346281135759966e-02
7.754346281135759966e-02
7.754346281135759966e-02
4.761747841752494992e-02
4.761747841752494992e-02
4.761747841752494992e-02
1.546580723541230995e-01
1.546580723541230995e-01
4.695898333214820752e-03
7.863532036715117357e-01
-1.727894697096310495e-02
2.864819238196920637e-01
-3.716586136413013719e-04
2.257803085501137730e-01
2.870361674747723413e-01
4.355866987406642465e-04
4.355866987406642465e-04
4.355866987406642465e-04
4.073652724922993684e-04
4.073652724922993684e-04
4.073652724922993684e-04
4.508722331583037146e-02
4.508722331583037146e-02
3.016468562140186549e-01
-1.278102055805483417e-01
-1.091436791682554031e-04
-1.091436791682554031e-04
-2.600909202481798133e-01
-1.039058980757481265e-01
4.990267421785787860e-02
3.709468156742934397e-01
1.546580723541230995e-01
2.979390090154696580e-01
3.407930561736662867e-01
2.269348810527409555e-01
2.864819238196920637e-01
-3.716586136413013719e-04
3.915856676065754272e-02
8.795724353658771477e-01
1.528601591207490173e-03
2.617477373924259609e-03
4.355866987406642465e-04
4.119400518521665333e-02
4.119400518521665333e-02
8.890694721922063337e-01
4.618543206125558243e-02
2.069747062982685293e-04
-2.466906913270516810e-01
-1.153995784351380394e-03
7.865928674386246655e-02
7.754346281135759966e-02
4.761747841752494992e-02
4.990267421785787860e-02
4.876211870655744463e-02
1.546580723541230995e-01
1.546580723541230995e-01
4.695898333214820752e-03
3.407930561736662867e-01
3.058203515527049277e-01
-5.133133581125548517e-05
-3.716586136413013719e-04
-4.218142936580626667e-03
7.575779224916949772e-01
7.808325875707282648e-01
7.808325875707282648e-01
7.808325875707282648e-01
1.119035884201009523e+00
1.117563559519545890e+00
1.117563559519545890e+00
8.238077131669392372e-01
7.683605384545124650e-01
7.669261449371411743e-01
9.849154143598664035e-01
9.849154143598664035e-01
8.814890752071029567e-01
8.701856144417057237e-01
9.431289250048244810e-01
9.431289250048244810e-01
8.496438682252867025e-01
8.487316180150896727e-01
1.032348374298021731e+00
9.031948276705170642e-01
7.250932905938576312e-01
7.081558419303215501e-01
7.261333094725790360e-01
6.633966344897972434e-01
7.575779224916949772e-01
7.838916158789839272e-01
7.808325875707282648e-01
7.808325875707282648e-01
1.160159796845125157e+00
1.117563559519545890e+00
1.341366825057523471e+00
8.253388011631557220e-01
7.566867025705459326e-01
8.253388011631557220e-01
8.858071956391135870e-01
9.864557995881142460e-01
9.864557995881142460e-01
9.431289250048244810e-01
9.431289250048244810e-01
9.431289250048244810e-01
8.478162673791471704e-01
8.478162673791471704e-01
1.026389026607707144e+00
9.031948276705170642e-01
7.250932905938576312e-01
7.081558419303215501e-01
7.261333094725790360e-01
9.396721676020272085e-01
9.175175893758833467e-01
7.808325875707282648e-01
7.808325875707282648e-01
7.808325875707282648e-01
1.106246892624984213e+00
1.171856013279043651e+00
1.163730999861602555e+00
8.283895481188299215e-01
8.238077131669392372e-01
8.238077131669392372e-01
7.260145490840912430e-01
8.858071956391135870e-01
9.849154143598664035e-01
9.463424714739225863e-01
9.431289250048244810e-01
9.431289250048244810e-01
8.478162673791471704e-01
8.478162673791471704e-01
1.029374032239045000e+00
9.031948276705170642e-01
7.250932905938576312e-01
5.831227619270586970e-01
7.301602188309885832e-01
6.633966344897972434e-01
7.575779224916949772e-01
7.808325875707282648e-01
7.808325875707282648e-01
7.808325875707282648e-01
1.117563559519545890e+00
1.117563559519545890e+00
1.117563559519545890e+00
8.238077131669392372e-01
8.238077131669392372e-01
8.238077131669392372e-01
9.849154143598664035e-01
9.849154143598664035e-01
9.849154143598664035e-01
9.431289250048244810e-01
9.431289250048244810e-01
9.447377359724580259e-01
8.496438682252867025e-01
8.478162673791471704e-01
9.689969326607448252e-01
9.031948276705170642e-01
6.656793384143648851e-01
7.089678315224077210e-01
-1.261516712519128447e-01
7.577888870439695168e-01
7.575779224916949772e-01
7.808325875707282648e-01
7.808325875707282648e-01
7.808325875707282648e-01
1.117563559519545890e+00
1.117563559519545890e+00
1.117563559519545890e+00
8.238077131669392372e-01
7.669261449371411743e-01
8.283895481188299215e-01
9.849154143598664035e-01
8.814890752071029567e-01
9.895253014140337200e-01
9.431289250048244810e-01
9.431289250048244810e-01
9.431289250048244810e-01
8.505530176608404602e-01
8.478162673791471704e-01
1.029374032239045000e+00
8.320525626248311823e-01
7.250932905938576312e-01
7.081558419303215501e-01
7.261333094725790360e-01
6.633966344897972434e-01
7.575779224916949772e-01
7.808325875707282648e-01
7.808325875707282648e-01
7.808325875707282648e-01
1.119035884201009523e+00
1.117563559519545890e+00
1.159612571789899960e+00
8.283895481188299215e-01
8.238077131669392372e-01
8.238077131669392372e-01
8.858071956391135870e-01
5.192187100688414603e-01
9.941013727876466533e-01
9.447377359724580259e-01
9.431289250048244810e-01
1.232610923447699847e+00
8.478162673791471704e-01
8.478162673791471704e-01
1.029374032239045000e+00
9.031948276705170642e-01
7.250932905938576312e-01
5.831227619270586970e-01
7.301602188309885832e-01
6.633966344897972434e-01
7.575779224916949772e-01
7.808325875707282648e-01
7.808325875707282648e-01
1.386850970875812550e-01
1.121968502025033843e+00
1.117563559519545890e+00
1.159612571789899960e+00
8.314250528814248753e-01
7.669261449371411743e-01
8.245928535564122086e-01
9.864557995881142460e-01
4.989159920151049477e-01
9.925797740401911540e-01
7.403650599841942181e-01
9.431289250048244810e-01
1.069816831437389482e+00
8.478162673791471704e-01
6.815273294528862991e-01
1.032348374298021731e+00
8.320525626248311823e-01
6.006934455069909973e-01
7.081558419303215501e-01
7.220864441820564750e-01
4.414034248861700149e-01
9.063053435797998603e-01
8.043989005786293944e-01
1.070078192855300259e+00
1.074363209145481335e+00
1.707776271905812493e+00
1.476793989926992623e+00
1.713880226302546106e+00
1.086277761714313783e+00
1.086277761714313783e+00
1.090554543458825520e+00
1.491846375959177351e+00
-2.265569146207013773e-04
1.352461559010306402e+00
1.124230077011580065e+00
1.124230077011580065e+00
1.256108456524604122e+00
1.177739393405645707e+00
9.980612976027947170e-01
1.886986244707348881e+00
1.277468798886688184e+00
9.950186923453294696e-01
8.895223816149693263e-01
1.282519822913838148e+00
1.116895658248845180e+00
9.063053435797998603e-01
1.072222495920669871e+00
1.065778820564874607e+00
1.065778820564874607e+00
1.703688529986161271e+00
1.703688529986161271e+00
1.662405424751694838e+00
1.094818245080752206e+00
1.086277761714313783e+00
1.086277761714313783e+00
1.354593182364459025e+00
1.014130397467766898e+00
1.367312485369426511e+00
1.124230077011580065e+00
1.260594266085908188e+00
1.256108456524604122e+00
1.177739393405645707e+00
1.179068675427004997e+00
1.793836342641998094e+00
1.279468494928147848e+00
9.941267807837146364e-01
1.026342171382383484e+00
1.191895869549838949e+00
1.108769386324235384e+00
9.063053435797998603e-01
1.065778820564874607e+00
1.065778820564874607e+00
1.065778820564874607e+00
1.703688529986161271e+00
1.662405424751694838e+00
1.635026879326170857e+00
1.096945188991766074e+00
1.086277761714313783e+00
1.086277761714313783e+00
-6.226614586476913793e+00
1.838662128849367861e+00
1.356721453159099866e+00
1.256108456524604122e+00
1.256108456524604122e+00
1.256108456524604122e+00
1.176407267262573164e+00
9.980612976027947170e-01
1.481375545070206634e+00
1.036883863254116633e+00
8.712550716207241308e-01
1.028510677747026314e+00
1.254876870522064536e+00
1.134564428520197232e+00
9.354389940148859495e-01
1.040313315486422141e+00
1.065778820564874607e+00
1.065778820564874607e+00
1.705734244356131413e+00
1.703688529986161271e+00
1.707254020465446942e+00
1.092688029657004734e+00
1.090554543458825520e+00
1.086277761714313783e+00
1.220401178363097472e+00
1.352461559010306402e+00
1.352461559010306402e+00
1.256108456524604122e+00
1.256108456524604122e+00
1.203248180482395568e+00
1.176407267262573164e+00
1.176407267262573164e+00
1.793836342641998094e+00
1.280465820104294217e+00
1.257306104895201671e+00
1.026342171382383484e+00
2.633521188146952241e-01
1.259397051548293511e+00
8.720897526198756466e-01
1.070078192855300259e+00
8.730518229806243369e-01
1.070078192855300259e+00
1.526018387612346316e+00
1.709814611899581394e+00
1.703688529986161271e+00
8.976113545882160594e-01
1.094818245080752206e+00
1.055381459662511290e+00
1.352461559010306402e+00
1.358846370436639361e+00
1.352461559010306402e+00
1.256108456524604122e+00
1.256108456524604122e+00
1.256108456524604122e+00
1.176407267262573164e+00
1.176407267262573164e+00
1.903196976870025203e+00
1.164741502245163929e+00
1.016546785071197334e+00
1.033904486348945717e+00
1.286527051774177366e+00
1.134564428520197232e+00
6.652833536516871149e-01
1.065778820564874607e+00
1.065778820564874607e+00
1.065778820564874607e+00
1.703688529986161271e+00
1.703688529986161271e+00
1.703688529986161271e+00
1.015549031253311085e+00
1.090554543458825520e+00
1.086277761714313783e+00
1.201780868531290736e+00
1.356721453159099866e+00
1.352461559010306402e+00
1.026261687140580747e+00
1.256108456524604122e+00
1.256108456524604122e+00
1.177739393405645707e+00
1.000589578767791643e+00
1.803393230360854638e+00
1.164741502245163929e+00
9.959089430536112175e-01
1.026342171382383484e+00
1.254876870522064536e+00
1.131426510637581373e+00
9.091073839466243811e-01
1.065778820564874607e+00
1.067930300788592746e+00
1.070078192855300259e+00
1.707254020465446942e+00
1.712982475375387281e+00
1.711076828688208096e+00
1.015549031253311085e+00
9.480471769639979840e-01
1.017562756177948557e+00
1.201780868531290736e+00
1.205777814465434972e+00
1.356721453159099866e+00
1.256108456524604122e+00
1.256108456524604122e+00
1.256108456524604122e+00
1.176407267262573164e+00
9.980612976027947170e-01
1.880966045877230819e+00
1.277468798886688184e+00
8.661190096073889677e-01
1.028510677747026314e+00
1.254876870522064536e+00
-4.914350727726457535e-01
2.931899127719903575e-01
-1.311227022433385514e-01
4.355866987406642465e-04
4.776730555635761988e-01
4.073652724922993684e-04
4.332551379577687101e-02
3.562638571475318372e-03
2.567355334344156859e-01
4.508722331583037146e-02
-9.707167533609073473e-02
1.477647736154352742e-01
1.969276283469767463e-03
7.754346281135759966e-02
3.967950012295773377e-05
4.761747841752494992e-02
3.967950012295773377e-05
1.546580723541230995e-01
4.880428780396073307e-05
2.626368466449591210e-04
2.269348810527409555e-01
6.235811461722482463e-01
-5.133133581125548517e-05
1.706774212428818771e-03
3.915856676065754272e-02
6.717877008263615224e-01
2.617477373924259609e-03
4.355866987406642465e-04
4.355866987406642465e-04
3.795806667075272145e-01
1.462996195213506212e-03
4.414369572505094652e-02
4.727976589174609501e-02
4.508722331583037146e-02
4.508722331583037146e-02
-3.722498476226299147e-02
8.961240900928935105e-02
7.754346281135759966e-02
5.103914450504198896e-02
5.103914450504198896e-02
4.761747841752494992e-02
1.546580723541230995e-01
1.553055084405441377e-01
-4.042115666273726760e-02
2.427966249781743358e-01
1.126771163149467014e-01
1.136342355055761644e-01
-3.716586136413013719e-04
1.524646351879646033e-01
2.890966565472314898e-01
4.355866987406642465e-04
4.355866987406642465e-04
-1.311227022433385514e-01
3.784955935069316268e-01
4.119400518521665333e-02
5.580917170604493549e-04
3.252986623596854088e-03
4.508722331583037146e-02
4.727976589174609501e-02
7.977138262281435743e-02
-1.278102055805483417e-01
7.754346281135759966e-02
5.103914450504198896e-02
4.876211870655744463e-02
4.876211870655744463e-02
1.546580723541230995e-01
1.546580723541230995e-01
-1.303384140816463699e-01
2.444833264921557614e-01
-2.050958468308083482e+00
-2.641015513485491795e-01
2.695807336747169103e-02
4.023962777355105658e-02
2.890966565472314898e-01
4.355866987406642465e-04
-1.311227022433385514e-01
2.617477373924259609e-03
4.119400518521665333e-02
4.511897952577648141e-02
4.073652724922993684e-04
-9.991931086863914402e-02
6.907951253855788565e-01
-1.843347504467018894e-03
7.754346281135759966e-02
7.754346281135759966e-02
7.977138262281435743e-02
-1.029268167326993222e-01
-1.039058980757481265e-01
4.761747841752494992e-02
4.880428780396073307e-05
1.559499035169906733e-01
4.695898333214820752e-03
2.416639369049748964e-01
1.628951216252616518e-04
-5.133133581125548517e-05
-9.773071399363102429e-01
2.129423041683509155e-04
3.705591114923096896e-01
4.355866987406642465e-04
-1.260828194237877398e-01
4.355866987406642465e-04
4.073652724922993684e-04
4.073652724922993684e-04
4.073652724922993684e-04
-1.843347504467018894e-03
4.727976589174609501e-02
4.508722331583037146e-02
-1.153995784351380394e-03
7.754346281135759966e-02
7.754346281135759966e-02
3.967950012295773377e-05
1.164966742567559166e+00
3.967950012295773377e-05
1.546580723541230995e-01
7.141431068046566466e-01
4.695898333214820752e-03
2.433605031672980701e-01
3.317310607857466564e-01
-5.133133581125548517e-05
1.706774212428818771e-03
1.524646351879646033e-01
2.890966565472314898e-01
4.355866987406642465e-04
6.460774119091929890e-01
2.607731116008782379e-01
4.119400518521665333e-02
-2.125859687024860278e-01
1.483362306115765250e-02
-1.843347504467018894e-03
4.837022443743066447e-02
2.069747062982685293e-04
-1.258716715635976868e-01
3.002843289813483807e-03
7.754346281135759966e-02
4.990267421785787860e-02
4.990267421785787860e-02
4.761747841752494992e-02
1.553055084405441377e-01
1.559499035169906733e-01
-4.251298362745536963e-02
2.416639369049748964e-01
1.136755677868732661e-01
1.162558407743929934e-03
-3.716586136413013719e-04
3.915856676065754272e-02
2.870361674747723413e-01
6.460774119091929890e-01
4.355866987406642465e-04
4.355866987406642465e-04
-1.867081578039504031e+00
-8.372420560688542679e-01
2.514754085140680218e-03
-9.801692864752808987e-02
3.252986623596854088e-03
4.727976589174609501e-02
7.754346281135759966e-02
7.754346281135759966e-02
7.754346281135759966e-02
-1.039058980757481265e-01
4.761747841752494992e-02
4.990267421785787860e-02
-1.812757499476296275e-01
1.553055084405441377e-01
7.993898939423260686e-03
3.419677910210632277e-01
1.116720985156289814e-01
-5.133133581125548517e-05
1.706774212428818771e-03
-1.274464046635635839e+00
8.853435277708747719e-01
1.065778820564874607e+00
9.333495569416179194e-01
7.475170079492770014e-01
1.711076828688208096e+00
1.662405424751694838e+00
1.703688529986161271e+00
9.436638258969640702e-01
1.086277761714313783e+00
1.015549031253311085e+00
1.356721453159099866e+00
1.358846370436639361e+00
9.993172345065559625e-01
7.194507949553514692e-01
1.260594266085908188e+00
1.134637130900742363e+00
9.980612976027947170e-01
1.179068675427004997e+00
1.876939839063324733e+00
1.278469487692167839e+00
9.959089430536112175e-01
8.874349229769906700e-01
1.258192222186949927e+00
1.131426510637581373e+00
7.222472563335209372e-01
6.303944347608450016e-01
1.076500331695477541e+00
8.730518229806243369e-01
1.709814611899581394e+00
1.707254020465446942e+00
1.662405424751694838e+00
1.019573107830234804e+00
9.436638258969640702e-01
1.009018790914570474e+00
1.205777814465434972e+00
1.354593182364459025e+00
1.352461559010306402e+00
8.772971506121596263e-01
1.265065723206443948e+00
1.256108456524604122e+00
1.005612167264716028e+00
1.176407267262573164e+00
1.876939839063324733e+00
1.277468798886688184e+00
9.941267807837146364e-01
1.026342171382383484e+00
1.279338790083847321e+00
1.138731933385781048e+00
9.091073839466243811e-01
8.730518229806243369e-01
1.076500331695477541e+00
8.730518229806243369e-01
1.716782250479539584e+00
8.243278450427862225e-01
1.642923985886321603e+00
1.086277761714313783e+00
1.086277761714313783e+00
1.086277761714313783e+00
1.201780868531290736e+00
1.356721453159099866e+00
1.352461559010306402e+00
1.258353154864902734e+00
1.132563080085633445e+00
1.124230077011580065e+00
1.000589578767791643e+00
9.840418942387882950e-01
1.876939839063324733e+00
1.035040224532813191e+00
8.729539335278708734e-01
1.028510677747026314e+00
1.254876870522064536e+00
1.134564428520197232e+00
9.063053435797998603e-01
1.065778820564874607e+00
6.267016659267277134e-01
1.074363209145481335e+00
1.707254020465446942e+00
1.712982475375387281e+00
1.707776271905812493e+00
1.086277761714313783e+00
1.015549031253311085e+00
1.090554543458825520e+00
1.352461559010306402e+00
1.207771172865655274e+00
1.356721453159099866e+00
1.256108456524604122e+00
9.380043692038189107e-01
1.265065723206443948e+00
7.924894601956244955e-01
1.184357351793143387e+00
1.876939839063324733e+00
1.277468798886688184e+00
1.255009995685645308e+00
1.026342171382383484e+00
8.062233146716586418e-01
1.169734037413388883e+00
9.091073839466243811e-01
8.790455367211169602e-01
8.770512730330555229e-01
8.770512730330555229e-01
1.711076828688208096e+00
1.712982475375387281e+00
1.712982475375387281e+00
1.086277761714313783e+00
1.015549031253311085e+00
1.090554543458825520e+00
1.115983453216848886e+00
1.207771172865655274e+00
1.356721453159099866e+00
1.256108456524604122e+00
1.124230077011580065e+00
1.128403936694446941e+00
1.000589578767791643e+00
7.936781791987383983e-01
1.886986244707348881e+00
1.277468798886688184e+00
8.643938412824949680e-01
1.031751672645077278e+00
1.254876870522064536e+00
1.108769386324235384e+00
8.720897526198756466e-01
1.070078192855300259e+00
8.730518229806243369e-01
8.770512730330555229e-01
1.711076828688208096e+00
1.712982475375387281e+00
1.667721870999587352e+00
1.090554543458825520e+00
1.088417787228904032e+00
1.096945188991766074e+00
1.352461559010306402e+00
1.352461559010306402e+00
1.003041202515376540e+00
1.260594266085908188e+00
1.124230077011580065e+00
1.260594266085908188e+00
9.980612976027947170e-01
7.924894601956244955e-01
1.750245861939005998e+00
1.150683888444447689e+00
8.661190096073889677e-01
1.026342171382383484e+00
1.254876870522064536e+00
1.108769386324235384e+00
8.720897526198756466e-01
1.070078192855300259e+00
6.267016659267277134e-01
8.909346119612511217e-01
1.662405424751694838e+00
1.713880226302546106e+00
1.667721870999587352e+00
1.086277761714313783e+00
1.086277761714313783e+00
1.055381459662511290e+00
1.354593182364459025e+00
1.205777814465434972e+00
1.354593182364459025e+00
9.418593665777965640e-01
1.260594266085908188e+00
1.124230077011580065e+00
1.000589578767791643e+00
1.000589578767791643e+00
1.803393230360854638e+00
1.036883863254116633e+00
1.002094157864184432e+00
1.026342171382383484e+00
1.254876870522064536e+00
6.024399231620956030e-01
6.284329362436533728e-01
4.110625667153637863e-01
8.530174158896315362e-01
8.464321009878315039e-01
9.904136171129476196e-01
-8.862080617353562673e-02
1.109289666550067111e+00
8.594797934623663593e-01
8.551119197746803735e-01
7.837157675597108408e-01
8.251274447953633739e-01
9.865241674345792688e-01
9.821842174475836629e-01
8.949894758245289239e-01
8.949894758245289239e-01
8.972509350320638788e-01
8.660225000591532662e-01
8.701736739575212098e-01
1.550401263818073083e+00
1.071348548161679126e+00
9.332875437024394927e-01
7.284244330933846712e-01
1.134739980851851904e+00
9.564571324899615590e-01
6.232737248478370518e-01
6.524392139786048261e-01
8.486306236099672162e-01
3.576303027577409921e-01
1.103914042187659206e+00
1.103914042187659206e+00
1.184321330220459600e+00
7.898912904692103609e-01
7.878359781151633712e-01
-3.153644560929773633e-01
9.821842174475836629e-01
8.271639473011926924e-01
9.843557581264317236e-01
9.040150024316524480e-01
8.972509350320638788e-01
8.995090098834008785e-01
8.660225000591532662e-01
1.693021583184517453e-04
1.645824245675153286e+00
9.625113014998900596e-01
8.212232836188810836e-01
5.933417387791370956e-01
1.139550756946035470e+00
9.564571324899615590e-01
-4.550146515104342981e-01
8.420248071407456791e-01
8.420248071407456791e-01
5.633621327885300900e-01
1.103914042187659206e+00
1.174685714580038010e+00
1.105709561753560166e+00
6.842121425747702546e-01
7.960380472353971726e-01
2.832235266119198513e-04
6.258928848021643176e-01
8.230877587286631325e-01
9.865241674345792688e-01
8.995090098834008785e-01
8.949894758245289239e-01
8.949894758245289239e-01
8.660225000591532662e-01
6.915607450305332193e-01
1.641754675736701863e+00
1.069300188426719700e+00
8.221572689157090608e-01
5.933417387791370956e-01
1.137949302408337360e+00
9.628896890192288893e-01
7.222472563335209372e-01
7.182746697832040894e-01
8.420248071407456791e-01
8.420248071407456791e-01
1.197990529904615187e+00
1.197990529904615187e+00
1.180477670297497284e+00
8.594797934623663593e-01
8.551119197746803735e-01
7.837157675597108408e-01
9.821842174475836629e-01
9.821842174475836629e-01
9.821842174475836629e-01
7.483908400618801693e-01
8.995090098834008785e-01
8.949894758245289239e-01
8.660225000591532662e-01
8.660225000591532662e-01
1.550401263818073083e+00
1.071348548161679126e+00
9.961802710112142023e-01
7.306823452535944341e-01
4.394242707350670685e-04
9.575799307998931198e-01
6.232737248478370518e-01
8.420248071407456791e-01
5.321948842582600037e-01
8.464321009878315039e-01
1.204184284544995265e+00
1.197990529904615187e+00
1.103914042187659206e+00
8.638352887710265549e-01
8.551119197746803735e-01
8.616590887949566735e-01
8.291972653188128817e-01
9.821842174475836629e-01
9.821842174475836629e-01
8.949894758245289239e-01
8.949894758245289239e-01
7.504958556996097485e-01
8.715521012030658099e-01
8.660225000591532662e-01
1.550401263818073083e+00
1.071348548161679126e+00
9.332875437024394927e-01
7.295541144197956740e-01
1.084280832733920619e+00
9.564571324899615590e-01
5.542181961196925855e-01
8.464321009878315039e-01
8.420248071407456791e-01
8.420248071407456791e-01
1.109289666550067111e+00
1.184321330220459600e+00
1.200058504844543350e+00
4.879351872139121582e-01
8.681783996311320806e-01
8.551119197746803735e-01
8.230877587286631325e-01
8.291972653188128817e-01
9.865241674345792688e-01
8.949894758245289239e-01
7.483908400618801693e-01
7.525974044871865942e-01
3.568230679374755354e-01
8.660225000591532662e-01
1.637675463067787440e+00
9.625113014998900596e-01
9.352300427707378461e-01
7.284244330933846712e-01
1.134739980851851904e+00
9.564571324899615590e-01
6.232737248478370518e-01
8.420248071407456791e-01
8.420248071407456791e-01
6.524392139786048261e-01
1.202123089973090586e+00
1.169908205494254005e+00
-2.372230243214858980e+00
6.268049298252478252e-01
5.778895361115790053e-01
5.866807861701595073e-01
8.168903920398289387e-01
8.123330139219948620e-01
8.123330139219948620e-01
7.960531525693674837e-01
7.960531525693674837e-01
8.029862022912102049e-01
1.676544245148268608e+00
1.676544245148268608e+00
6.453136340093115209e-01
1.200415188465830951e+00
1.147379731493646915e+00
2.787052594923657978e-01
8.966151798743080548e-01
7.581150464821533319e-01
1.268024250249044194e+00
6.571025325507982018e-01
6.526260570367821146e-01
6.973356201167995039e-01
1.402715529592201804e+00
1.398347081567344219e+00
1.398347081567344219e+00
4.651186701415639391e-01
6.187100300046441959e-01
5.655667788366134374e-01
9.386591764008667127e-01
8.196807269444192912e-01
9.386591764008667127e-01
8.700412132158525935e-01
8.700412132158525935e-01
7.751086882784115062e-01
2.036412943103695916e+00
2.038134357430366528e+00
7.257957225240270205e-01
1.027934956782358356e+00
1.406012820561417520e+00
6.081784705339750019e-01
9.895537129000393506e-01
1.120178413698751818e+00
1.262967393127321536e+00
7.151319019349600126e-01
5.064745606216281004e-01
5.064745606216281004e-01
1.398347081567344219e+00
1.427725265608419392e+00
1.423642049048162050e+00
6.255453470300835761e-01
6.141388218643388797e-01
5.655667788366134374e-01
6.592577340392260510e-01
9.386591764008667127e-01
8.217817777810925151e-01
8.746104323317549500e-01
8.700412132158525935e-01
8.700412132158525935e-01
2.036412943103695916e+00
2.036412943103695916e+00
6.615000484026518635e-01
1.186936011354146281e+00
1.401575986516577110e+00
7.155952474086264559e-01
1.021127594100347480e+00
1.197942701436177870e+00
1.271384884560693429e+00
6.548659124189324388e-01
5.106437034056749980e-01
6.571025325507982018e-01
1.398347081567344219e+00
1.398347081567344219e+00
1.398347081567344219e+00
5.655667788366134374e-01
6.187100300046441959e-01
6.579349194781549670e-01
8.259745654425429962e-01
8.238797242547661881e-01
8.301549282877811464e-01
7.751086882784115062e-01
8.746104323317549500e-01
7.793650240865392931e-01
2.043281316737401987e+00
1.897018539883197796e+00
-5.063253005863099787e-02
-4.373141798280846260e+00
-4.372485857372845786e+00
7.279736483450269802e-01
1.026274854929321911e+00
1.047420853130915930e+00
1.327612841098352980e+00
6.950642780548754729e-01
6.526260570367821146e-01
6.526260570367821146e-01
1.398347081567344219e+00
1.398347081567344219e+00
1.398347081567344219e+00
6.141388218643388797e-01
6.141388218643388797e-01
6.141388218643388797e-01
9.341851578896172015e-01
9.341851578896172015e-01
9.341851578896172015e-01
7.751086882784115062e-01
8.768900798177838851e-01
8.700412132158525935e-01
2.036412943103695916e+00
2.036412943103695916e+00
7.037132102092948926e-01
1.350289877035250719e+00
1.374916656992466457e-01
4.803458889610983107e-01
2.461540919521771897e-01
6.219802913065564098e-05
1.294031099274969066e+00
6.950642780548754729e-01
6.526260570367821146e-01
6.526260570367821146e-01
1.398347081567344219e+00
1.398347081567344219e+00
1.398347081567344219e+00
6.141388218643388797e-01
6.141388218643388797e-01
6.141388218643388797e-01
5.479542000327217721e-01
9.341851578896172015e-01
9.341851578896172015e-01
8.700412132158525935e-01
8.700412132158525935e-01
7.751086882784115062e-01
2.036412943103695916e+00
2.036412943103695916e+00
7.203548553578071889e-01
1.350289877035250719e+00
1.062613864501193106e+00
7.223688729100299355e-01
9.859688970138869024e-01
1.120178413698751818e+00
1.262967393127321536e+00
3.018759477867458685e-01
5.106437034056749980e-01
6.526260570367821146e-01
1.398347081567344219e+00
1.398347081567344219e+00
1.400532995417297144e+00
6.164258584046713452e-01
6.141388218643388797e-01
6.141388218643388797e-01
4.273583118521493418e-01
9.341851578896172015e-01
9.341851578896172015e-01
8.700412132158525935e-01
8.700412132158525935e-01
8.700412132158525935e-01
2.039852891621053210e+00
2.036412943103695916e+00
7.269588040140915197e-01
1.350289877035250719e+00
1.399347663488057947e+00
7.155952474086264559e-01
9.859688970138869024e-01
1.120178413698751818e+00
1.262967393127321536e+00
6.526260570367821146e-01
6.526260570367821146e-01
6.526260570367821146e-01
1.320451063091624633e+00
1.398223529768992890e+00
1.220611929956936237e+00
6.187100300046441959e-01
6.187100300046441959e-01
6.141388218643388797e-01
9.341851578896172015e-01
8.196807269444192912e-01
9.315374300868057844e-01
8.700412132158525935e-01
7.772385666835095464e-01
8.746104323317549500e-01
2.036412943103695916e+00
2.036412943103695916e+00
6.615000484026518635e-01
1.352561330710424059e+00
1.399347663488057947e+00
7.155952474086264559e-01
9.859688970138869024e-01
8.571527011336783630e-01
1.304043741353202002e+00
3.604326416035217306e-01
3.544481748946406441e-01
3.544481748946406441e-01
1.133831276105253139e+00
1.186602294146879899e+00
1.133831276105253139e+00
3.626165498367619477e-01
5.676262406194201304e-01
2.204741051700214172e-01
6.778726402893546776e-01
5.823304432264073682e-01
4.370702496426570605e-01
3.915779135948422862e-01
5.902528615350739472e-01
5.902528615350739472e-01
1.873963617717936181e+00
2.015804122531043241e+00
2.193459082606095123e-01
8.890040446527613938e-01
1.281443155518815935e+00
6.126311227577971863e-01
8.078694268236539244e-01
9.798682894088415196e-01
1.321302591202292653e+00
4.538044429646355127e-01
3.584411538050851220e-01
3.544481748946406441e-01
1.183170571091817891e+00
1.133831276105253139e+00
1.183170571091817891e+00
3.646534634274924969e-01
3.666873676046193964e-01
3.626165498367619477e-01
6.778726402893546776e-01
6.778726402893546776e-01
6.778726402893546776e-01
5.108960899686358914e-01
5.882233643917107457e-01
5.821144094510533051e-01
2.012770101966611769e+00
2.012770101966611769e+00
3.590307138463595393e-01
1.204816681876898166e+00
1.182296124011815941e+00
6.146621060026156158e-01
9.671093252033573506e-01
9.798682894088415196e-01
1.294031099274969066e+00
3.544481748946406441e-01
3.564463313261843069e-01
3.584411538050851220e-01
1.183170571091817891e+00
1.186824623601284046e+00
1.137740957056598390e+00
5.676262406194201304e-01
3.626165498367619477e-01
3.626165498367619477e-01
6.838743594738598830e-01
6.778726402893546776e-01
6.778726402893546776e-01
5.821144094510533051e-01
5.841541375179897244e-01
5.861904561095716559e-01
1.873963617717936181e+00
2.015804122531043241e+00
3.121300814045424588e-01
7.392930289090786644e-01
1.283433551505176240e+00
6.126311227577971863e-01
8.078694268236539244e-01
1.083857834717325552e+00
1.249983994906855855e+00
3.039895877663791879e-01
3.584411538050851220e-01
3.544481748946406441e-01
1.248322926363766072e+00
1.135787863212959437e+00
1.137740957056598390e+00
3.192897661414857424e-01
2.240320583133499355e-01
3.707461448283808636e-01
6.778726402893546776e-01
6.778726402893546776e-01
6.778726402893546776e-01
5.821144094510533051e-01
3.810959458869103145e-01
9.305825466849881877e-02
2.012770101966611769e+00
2.012770101966611769e+00
3.606800828501990352e-01
1.204816681876898166e+00
2.557069904725040033e-04
6.126311227577971863e-01
1.039210023301500030e-01
3.137379553228747397e-02
1.289062930665615170e+00
3.544481748946406441e-01
3.544481748946406441e-01
2.171349014781807085e-01
1.137740957056598390e+00
1.139690556919941145e+00
1.133831276105253139e+00
3.626165498367619477e-01
3.626165498367619477e-01
3.626165498367619477e-01
6.778726402893546776e-01
6.778726402893546776e-01
6.778726402893546776e-01
8.246626500959042261e-01
5.821144094510533051e-01
5.821144094510533051e-01
2.012770101966611769e+00
1.873963617717936181e+00
3.121300814045424588e-01
1.204816681876898166e+00
1.186177543893371933e+00
6.146621060026156158e-01
8.078694268236539244e-01
9.798682894088415196e-01
1.285710126660918107e+00
3.544481748946406441e-01
3.544481748946406441e-01
3.544481748946406441e-01
1.133831276105253139e+00
1.133831276105253139e+00
1.133831276105253139e+00
3.626165498367619477e-01
3.212011159737500066e-01
3.707461448283808636e-01
6.778726402893546776e-01
6.778726402893546776e-01
6.778726402893546776e-01
5.841541375179897244e-01
5.861904561095716559e-01
5.821144094510533051e-01
2.012770101966611769e+00
1.217505721209227509e+00
3.705300052478355255e-01
1.204816681876898166e+00
1.273414306760761505e+00
5.132676197133836382e-01
8.078694268236539244e-01
9.798682894088415196e-01
1.285710126660918107e+00
3.544481748946406441e-01
5.948146779302234677e-01
3.544481748946406441e-01
-1.345016508403507061e-01
1.139690556919941145e+00
1.139690556919941145e+00
3.666873676046193964e-01
3.626165498367619477e-01
3.626165498367619477e-01
6.778726402893546776e-01
6.778726402893546776e-01
6.778726402893546776e-01
5.821144094510533051e-01
5.821144094510533051e-01
8.925257241040061018e-01
2.012770101966611769e+00
2.012770101966611769e+00
3.089921953798517862e-01
1.206873418122844654e+00
1.274423793345961897e+00
5.132676197133836382e-01
8.112569295250517953e-01
-3.105903600486570326e-04
2.543204540668115854e-01
-3.780293299371351168e-05
7.918713021597412194e-03
1.258904878034474706e-01
1.804150197939513589e-02
1.804150197939513589e-02
1.804150197939513589e-02
1.453431390836588122e-01
1.453431390836588122e-01
9.917516845946572346e-02
1.193270208511680863e-01
1.214409600136647782e-01
1.150909176273628987e-01
-1.370059055183503460e-05
1.094662481322785652e-01
1.052392217212272385e-01
8.354724472531609436e-01
8.354724472531609436e-01
-4.951240924467192883e-03
-6.208461571599599438e-05
7.646295741650606104e-01
-9.342295072538231437e-02
4.097085925437138343e-01
2.030613041427802301e-01
2.477926305287825315e-01
1.301657710004171520e-01
-3.780293299371351168e-05
1.301657710004171520e-01
1.804150197939513589e-02
1.804150197939513589e-02
1.804150197939513589e-02
1.475122038915923639e-01
1.496785243328133674e-01
-4.508335421000708720e-04
1.235521562725736544e-01
-2.265061910158294722e-04
1.193270208511680863e-01
-1.370059055183503460e-05
-3.739710705618648490e-01
-1.845473337974059547e-01
8.354724472531609436e-01
8.388035440362200390e-01
1.114910185995299230e-04
7.322893929887932529e-01
7.560044713048235110e-01
4.568089133893948883e-04
3.733793833149157138e-01
4.088622527485910041e-01
2.464811706625917864e-01
1.258904878034474706e-01
-1.818420530897384424e-01
1.344287909845274243e-01
1.804150197939513589e-02
1.804150197939513589e-02
1.804150197939513589e-02
-3.596000978860285358e-01
1.453431390836588122e-01
-1.527252415549984477e-01
-6.270422496265446455e-01
1.150909176273628987e-01
-2.799118485785125898e-01
1.178831943209619482e-01
1.052392217212272385e-01
3.927746474598592386e-03
7.018294827829221205e-01
8.388035440362200390e-01
-6.235003922721915615e-02
-1.882844471356905913e-01
7.667710759583297175e-01
4.568089133893948883e-04
4.051051121081545858e-01
4.057792978665073491e-01
3.912762371024856023e-01
-1.342259713871456484e-01
1.258904878034474706e-01
3.946758510487313742e-03
1.804150197939513589e-02
-4.045712253876843079e-03
2.207566556707618588e-02
1.453431390836588122e-01
1.453431390836588122e-01
1.453431390836588122e-01
1.150909176273628987e-01
1.150909176273628987e-01
-2.265061910158294722e-04
1.094662481322785652e-01
1.052392217212272385e-01
-1.370059055183503460e-05
8.388035440362200390e-01
8.354724472531609436e-01
-6.235003922721915615e-02
7.344961028987651019e-01
-2.906626693704099651e-01
4.568089133893948883e-04
-5.554699062049257563e-01
-6.268516155130310352e-01
2.464811706625917864e-01
3.946758510487313742e-03
1.258904878034474706e-01
-1.818420530897384424e-01
2.609853683049578876e-02
1.804150197939513589e-02
1.804150197939513589e-02
1.453431390836588122e-01
-6.824146919891926899e-01
1.518420996321285799e-01
1.150909176273628987e-01
1.150909176273628987e-01
-1.553314369623976177e+00
-1.370059055183503460e-05
3.927746474598592386e-03
5.893694759969037023e-03
8.388035440362200390e-01
8.354724472531609436e-01
1.795065725949562818e-03
6.627274991215292843e-01
1.044752792847796208e+00
-9.998944868773129713e-02
4.051051121081545858e-01
4.057792978665073491e-01
2.464811706625917864e-01
-3.780293299371351168e-05
1.301657710004171520e-01
1.258904878034474706e-01
-4.045712253876843079e-03
2.207566556707618588e-02
1.804150197939513589e-02
1.453431390836588122e-01
3.395158354193128503e-03
-6.785765272324315589e-01
1.172103397372659117e-01
1.129687554800788973e-01
-2.265061910158294722e-04
1.052392217212272385e-01
-1.370059055183503460e-05
1.094662481322785652e-01
7.018294827829221205e-01
8.388035440362200390e-01
1.114910185995299230e-04
7.322893929887932529e-01
7.560044713048235110e-01
4.568089133893948883e-04
4.051051121081545858e-01
4.057792978665073491e-01
2.464811706625917864e-01
1.258904878034474706e-01
1.258904878034474706e-01
-1.781560180847261421e-01
-2.746692254120830512e-04
2.207566556707618588e-02
1.804150197939513589e-02
1.453431390836588122e-01
1.453431390836588122e-01
-5.785544812182484620e+00
-7.900658908032784922e-01
-7.515925938210195056e-01
-8.796551838916677468e-01
-8.226730593795146262e-01
-8.241486679116434289e-01
-7.699838977650941274e-01
-7.602690862234648961e-01
-7.138783217422837168e-01
-4.696401321768135517e-01
-4.820238670139209702e-01
-7.636441471928288038e-01
-6.710129100547170822e-01
-2.769789998002414322e-01
-9.224261711267258690e-01
3.848741426545609912e-01
-3.304887123842803476e-04
-3.304887123842803476e-04
2.879587447995035632e-02
-2.589323835469059532e-04
5.281863068611158951e-02
-2.589323835469059532e-04
1.956307199166449351e-01
2.895126163579675449e-02
1.993549279292849974e-01
1.949532102904019126e-01
4.316687763985527226e-04
4.316687763985527226e-04
-1.372327251303318008e-05
-1.372327251303318008e-05
2.090680499910746448e-02
-8.155433515710797110e-05
2.085634800840185932e-02
-1.211843571331527869e-04
2.121504026466638493e-01
-1.819165371763720174e-02
1.916595905120388466e-04
-2.763521575408489639e-04
-4.032554283215361579e-04
2.886776715763872403e-03
1.906968094751917420e-01
-3.304887123842803476e-04
-3.304887123842803476e-04
5.327145637063068762e-02
-1.732815453685532248e-04
2.462779739857907657e-01
-1.856826836377223344e-04
-1.856826836377223344e-04
1.076395401788943218e-04
4.481282430892878921e-01
4.361635247951056726e-02
6.730337218900928065e-04
-1.372327251303318008e-05
-1.372327251303318008e-05
-1.372327251303318008e-05
2.085634800840185932e-02
-8.155433515710797110e-05
1.865867627946853347e-01
-5.331815933755557069e-02
-1.085938592515587331e-01
-4.085075239643742862e-04
-2.763521575408489639e-04
-4.032554283215361579e-04
2.886776715763872403e-03
4.246631781809551143e-01
-3.304887123842803476e-04
4.246631781809551143e-01
5.281863068611158951e-02
2.452079179061694703e-01
-1.664028914568582707e-02
1.486350960000493160e-05
-1.704900770249651032e-04
4.523831457253333355e-01
4.316687763985527226e-04
5.547304207720316072e-04
4.021844689765963210e-02
-1.372327251303318008e-05
2.105970005151469593e-02
6.506020702463644056e-04
-1.301120839070080137e-05
2.126079699963590031e-02
5.728342732625018030e-01
1.344728073552134973e-01
6.240773212985750718e-02
4.441391703124963897e-05
-1.975829023788122640e-04
-2.654466319613746350e-04
1.272141391160666046e-01
2.879587447995035632e-02
-8.398352053440305554e-05
-3.304887123842803476e-04
5.281863068611158951e-02
-2.589323835469059532e-04
-1.714996654407308085e-02
1.486350960000493160e-05
-1.856826836377223344e-04
2.895126163579675449e-02
6.730337218900928065e-04
7.865786124927609535e-04
4.316687763985527226e-04
-1.372327251303318008e-05
-1.372327251303318008e-05
-1.372327251303318008e-05
-1.273894537696662610e-04
-8.155433515710797110e-05
-5.973735979285521580e-04
1.342168149432838575e-01
-3.482345931233865599e-04
-4.085075239643742862e-04
-1.831277257184018126e+00
-1.500151694049201012e-01
1.272141391160666046e-01
-3.304887123842803476e-04
-3.304887123842803476e-04
-3.304887123842803476e-04
5.281863068611158951e-02
-1.688587207304692583e-05
-4.451398729976574486e-04
2.895126163579675449e-02
1.486350960000493160e-05
-1.856826836377223344e-04
4.316687763985527226e-04
4.316687763985527226e-04
4.316687763985527226e-04
-1.372327251303318008e-05
2.090680499910746448e-02
2.675770457649662148e-04
2.085634800840185932e-02
-8.155433515710797110e-05
-5.973735979285521580e-04
1.339531428125670942e-01
-3.481883849900668793e-04
-1.046958781900642066e-04
-2.763521575408489639e-04
1.104982504061995385e-01
2.886776715763872403e-03
1.906968094751917420e-01
2.917980625806393391e-02
-8.398352053440305554e-05
-3.495518414169396237e-04
4.015882817359806012e-01
-2.589323835469059532e-04
-1.704900770249651032e-04
1.486350960000493160e-05
1.956307199166449351e-01
4.399610059137337714e-02
4.316687763985527226e-04
4.316687763985527226e-04
-1.372327251303318008e-05
-1.372327251303318008e-05
-1.372327251303318008e-05
-1.989053340025748184e-04
2.085634800840185932e-02
5.673417542118031065e-04
2.121504026466638493e-01
3.001863951288541443e-04
4.040458790713064019e-01
5.715818919963489009e-02
-2.012533807711491818e-04
2.886776715763872403e-03
2.237258541875810636e-01
3.135940833054462473e-05
-3.304887123842803476e-04
-4.451398729976574486e-04
5.281863068611158951e-02
5.301472465505874254e-02
2.915973491341539159e-02
1.076395401788943218e-04
1.076395401788943218e-04
4.387428739009280321e-02
4.399610059137337714e-02
4.316687763985527226e-04
-1.372327251303318008e-05
-1.372327251303318008e-05
-1.372327251303318008e-05
-1.989053340025748184e-04
2.085634800840185932e-02
-1.379007433933221449e-01
6.517018938583607479e-02
6.208156630013039745e-02
-1.046958781900642066e-04
3.764373341220661473e-01
2.941711165815874551e-04
2.128639546903343671e-04
-1.940701132256403838e-01
-4.347666066752964298e-04
-4.347666066752964298e-04
-2.589691621732725935e-04
3.267567000665749788e-02
1.948570321168574537e-04
3.452290319715700662e-02
4.414039368629829596e-04
3.405546829080030591e-02
1.274288297905101786e-03
5.060007625186102587e-04
5.060007625186102587e-04
-1.896368828724348532e-05
1.622948771945686985e-03
-1.896368828724348532e-05
9.499785872879584758e-05
9.499785872879584758e-05
1.804505986205198198e-01
2.286409159523623558e-01
2.051548085465704219e-03
-4.844433678593187409e-01
4.418475233283638559e-01
8.370405937696112630e-03
1.300967628097655648e-01
-1.940701132256403838e-01
1.378502608613274560e-04
7.054901030265625650e-04
3.267567000665749788e-02
1.948570321168574537e-04
-2.589691621732725935e-04
3.405546829080030591e-02
4.414039368629829596e-04
1.488776326041829634e-05
5.060007625186102587e-04
9.887721433700846774e-02
1.274288297905101786e-03
-1.896368828724348532e-05
-5.421996295919679909e-01
-1.896368828724348532e-05
4.822690558366904412e-02
4.296162279562310005e-04
2.895040922421543428e-04
9.370796651961033064e-02
3.060261006764264380e-04
-2.526140372074436868e-04
4.418475233283638559e-01
8.370405937696112630e-03
2.017032866100434418e-01
-1.929344267005070890e-01
-4.347666066752964298e-04
-4.347666066752964298e-04
-2.589691621732725935e-04
-2.589691621732725935e-04
-2.589691621732725935e-04
1.488776326041829634e-05
1.488776326041829634e-05
1.488776326041829634e-05
5.060007625186102587e-04
9.887721433700846774e-02
1.274288297905101786e-03
6.043814894760579648e-02
6.278111167484468069e-02
-1.896368828724348532e-05
9.499785872879584758e-05
9.499785872879584758e-05
2.895040922421543428e-04
9.370796651961033064e-02
3.060261006764264380e-04
-2.526140372074436868e-04
3.165568934104188159e-01
1.557548189192150545e-01
-1.613848242960598256e-01
-1.129411776589694938e-01
8.268924493253315688e-02
7.054901030265625650e-04
3.267567000665749788e-02
-4.794388525600616902e-01
-2.589691621732725935e-04
1.488776326041829634e-05
1.488776326041829634e-05
1.488776326041829634e-05
5.060007625186102587e-04
9.887721433700846774e-02
1.274288297905101786e-03
-1.896368828724348532e-05
-1.896368828724348532e-05
-1.896368828724348532e-05
9.499785872879584758e-05
9.499785872879584758e-05
2.895040922421543428e-04
9.370796651961033064e-02
8.007421559225669228e-02
-2.526140372074436868e-04
-1.503137577004772574e+00
9.620388520372280539e-02
1.312795087639742064e-01
-1.940701132256403838e-01
-4.347666066752964298e-04
-4.347666066752964298e-04
-2.965591652603905004e-05
1.948570321168574537e-04
-2.589691621732725935e-04
1.488776326041829634e-05
1.488776326041829634e-05
1.488776326041829634e-05
1.462878975991763753e-01
1.274288297905101786e-03
9.887721433700846774e-02
6.161932133156966529e-02
1.080498860007494955e-03
-1.896368828724348532e-05
4.822690558366904412e-02
4.296162279562310005e-04
2.895040922421543428e-04
9.370796651961033064e-02
3.060261006764264380e-04
-2.526140372074436868e-04
4.418475233283638559e-01
8.370405937696112630e-03
-1.251408231587980424e-03
8.147396234611647969e-02
7.054901030265625650e-04
-4.347666066752964298e-04
-4.800888051711620363e-01
-2.589691621732725935e-04
3.267567000665749788e-02
2.305720684390166753e-04
6.473833117137672843e-04
-2.054001890993557566e-01
1.395732923172694484e-01
1.009204236287608580e-01
1.274288297905101786e-03
6.103115766127764630e-02
6.161932133156966529e-02
1.080498860007494955e-03
9.499785872879584758e-05
9.499785872879584758e-05
2.895040922421543428e-04
9.370796651961033064e-02
3.060261006764264380e-04
-2.526140372074436868e-04
3.165568934104188159e-01
1.557548189192150545e-01
1.306942811407241223e-01
-1.129411776589694938e-01
1.268152349014783908e-03
7.054901030265625650e-04
3.267567000665749788e-02
1.948570321168574537e-04
-2.589691621732725935e-04
1.488776326041829634e-05
1.488776326041829634e-05
3.405546829080030591e-02
9.929496377441360266e-02
-5.051076383810446657e-01
1.414732475822972901e-01
-1.896368828724348532e-05
-1.896368828724348532e-05
6.043814894760579648e-02
4.858876891891572569e-02
4.296162279562310005e-04
9.612583470630653437e-04
1.708659767294413712e-01
7.532893545878494024e-04
-2.526140372074436868e-04
3.184094879029562009e-01
-1.254681834327167067e-01
2.017032866100434418e-01
-1.929344267005070890e-01
-4.347666066752964298e-04
8.147396234611647969e-02
7.940770539736519140e-03
3.317230337006371599e-02
9.005220246319112221e-03
1.488776326041829634e-05
3.474935577052384872e-02
1.057117757535053215e-02
1.449526076034182154e-01
5.060007625186102587e-04
9.887721433700846774e-02
2.160543857105068355e-03
-1.896368828724348532e-05
5.331945583844088787e-04
4.858876891891572569e-02
5.654295293238575937e-02
1.630016996407412933e-03
3.159809598692637778e-01
1.846690355256717098e-01
1.034093385466140269e+00
1.158728523780681030e-01
5.406261793963196283e-04
1.528357363829639937e-01
-1.959593946689341948e-01
-2.488660725141755847e-05
8.147396234611647969e-02
-2.589691621732725935e-04
3.267567000665749788e-02
1.948570321168574537e-04
2.305720684390166753e-04
1.044784392249198390e-03
-7.545427626699847679e-01
-5.895944952388678217e+00
-8.585651811933255217e+00
-3.235816644338029846e-04
1.286562106059818689e-04
1.286562106059818689e-04
-2.030059327437392369e-01
1.361934986159196725e-01
1.949565794467096325e-01
5.844879369843765105e-01
6.306167316448485494e-01
5.901727889194638976e-01
5.470288677787840115e-01
9.690993371744003326e-01
7.602469942080904985e-01
9.138755356560253063e-01
1.204013137758575880e+00
1.313406120900182827e+00
1.389042568328974880e+00
1.295448153014657322e+00
1.267741118411187529e+00
-8.269588830595111517e+00
-8.297531196337752490e+00
2.878529154998208384e-01
2.878529154998208384e-01
7.788582321341763759e-02
9.128427684900586314e-02
2.314029937041439666e-01
2.473260294595078790e-01
9.901633546667856223e-01
8.892894980709922237e-01
9.315617080200055966e-02
6.493390590453707034e-02
-7.164765195825939514e-02
1.308203265608742782e-01
7.566870620804522218e-02
3.292369936599648383e-02
-3.831667133557719040e-01
-2.511744649700276000e-04
8.947522883483127742e-02
-9.124624851633456046e-03
3.195933547341560654e-01
3.195933547341560654e-01
-2.844139125143634317e-01
7.659642757308837702e-02
-3.657306238041613256e-03
1.246142655535464883e-04
1.246142655535464883e-04
1.246142655535464883e-04
-2.105325980586769674e-03
9.512683473310801219e-03
2.549470043748058856e-03
5.793352510009519563e-02
-7.759110650686906752e-03
-4.075511241090623571e-04
-6.401466287737633820e-04
6.935316657881962499e-02
3.340597988232829607e-04
2.652821219374068562e-02
-2.787839671405185626e-01
-2.699388009963499258e-04
-8.378148764922253022e-01
-3.545676623354623302e-01
6.215187539606858991e-02
6.729817896539991295e-02
-7.271640281648306114e-01
6.255927238815317537e-02
-3.657306238041613256e-03
7.659642757308837702e-02
1.901902053020876338e-04
-3.891201688800194347e-03
4.129165674342516468e-03
-3.891201688800194347e-03
1.084229718709188717e-01
2.233366649289081352e-04
9.512683473310801219e-03
-4.075511241090623571e-04
5.537790026517974695e-02
-4.075511241090623571e-04
1.021587174303348888e-01
6.493390590453707034e-02
5.756416029473854223e-03
3.282741600234739821e-02
-9.720391081547319345e-03
2.693170384842069609e-03
3.151143314768090065e-01
2.845107515479838867e-03
6.559268272404317202e-02
-2.485701215526603391e-05
3.870349121715577212e-01
3.125621067396231467e-01
1.901902053020876338e-04
-1.732115988707150223e-03
7.659642757308837702e-02
1.280295258323889129e-01
1.246142655535464883e-04
-4.855960919831705525e-01
9.512683473310801219e-03
-1.301318397761139778e-01
9.512683473310801219e-03
-4.810937249395710325e-01
5.712430725352213301e-02
5.537790026517974695e-02
6.272213687739469634e-02
-2.807047995599276646e-03
4.941504495404380748e-02
8.372654198296380912e-02
3.547351643277174560e-02
-2.699388009963499258e-04
3.198441633220596714e-01
1.297782301872274502e-03
6.215187539606858991e-02
-2.295615450018217985e-03
3.149087415916334010e-01
-7.819860145337091950e-01
1.901902053020876338e-04
1.901902053020876338e-04
1.901902053020876338e-04
1.280295258323889129e-01
2.094753841945102835e-01
-1.348159456575464432e+00
8.662112037821856347e-02
-9.796240951881252101e-01
9.512683473310801219e-03
-2.855288652758858348e-03
-4.075511241090623571e-04
-4.075511241090623571e-04
-6.401466287737633820e-04
-4.904007562708470047e-01
-8.851082486100247948e-01
3.085599692171605568e-01
2.096121320881332295e-01
-2.946119129767019729e-01
5.948982706157455169e-01
-2.280379196331301372e-01
5.678660175368284158e-01
7.015706588822663292e-01
1.130567818458082741e+00
1.590447863102681936e-01
7.314946796057775202e-02
7.735912594853289193e-02
7.735912594853289193e-02
6.032631506765149254e-01
3.365727464568077920e-01
3.365727464568077920e-01
4.082149921849342888e-01
1.179946996259907621e+00
4.082149921849342888e-01
5.291411106568464362e-01
4.141329595217673187e-01
4.141329595217673187e-01
4.602980164751775405e-01
4.602980164751775405e-01
3.468030308278402529e-01
5.449502232794625201e-01
4.806166409898233738e-01
2.988769240861941512e-01
3.617630954821864364e-01
5.359986128384459647e-01
5.678660175368284158e-01
6.974879471263566444e-01
4.124376622712251361e-01
4.124376622712251361e-01
3.525956310767117685e-01
3.525956310767117685e-01
4.705638542727967888e-01
3.365727464568077920e-01
4.639864924786429867e-01
3.365727464568077920e-01
4.123089595466762347e-01
5.204522480711819554e-01
5.117565971005575420e-01
4.141329595217673187e-01
4.141329595217673187e-01
4.141329595217673187e-01
4.602980164751775405e-01
4.602980164751775405e-01
3.288007999635089718e-01
4.453997919827612506e-01
4.947076925351989729e-01
3.020658799455580024e-01
3.592133257690317549e-01
3.825446052943775044e-01
6.558225816604092984e-01
1.309568902747532348e+00
4.124376622712251361e-01
1.150920404604168112e+00
3.491521583285930319e-01
3.525956310767117685e-01
4.622255799360850403e-01
4.550918053016541620e-01
3.398565507378759065e-01
9.476505492568918498e-01
5.161092744196391635e-01
4.020553781561186923e-01
4.061642752188543426e-01
5.053396823275573269e-01
4.181729128822340158e-01
5.053396823275573269e-01
4.554436629972302697e-01
4.602980164751775405e-01
3.205448412159759286e-01
4.753155921804763651e-01
5.000938516285060587e-01
3.438397562034669619e-01
6.220479569678678544e-01
3.825446052943775044e-01
5.632996327781913948e-01
7.867562384841200185e-01
4.083232525655802192e-01
4.124376622712251361e-01
4.705638542727967888e-01
3.474263931001768668e-01
3.525956310767117685e-01
4.639864924786429867e-01
3.406225119912331678e-01
4.639864924786429867e-01
4.082149921849342888e-01
4.082149921849342888e-01
4.123089595466762347e-01
4.141329595217673187e-01
4.141329595217673187e-01
4.141329595217673187e-01
4.578714358239244220e-01
4.554436629972302697e-01
3.255038932698157694e-01
4.487374170743967383e-01
1.398965178938773590e-01
3.540965791517569627e-01
1.573921876786643637e-01
-3.666450051884595496e-04
6.637431374672484452e-01
6.974879471263566444e-01
4.124376622712251361e-01
7.015706588822663292e-01
3.525956310767117685e-01
3.422329846255998120e-01
3.525956310767117685e-01
3.398565507378759065e-01
3.398565507378759065e-01
3.398565507378759065e-01
1.179946996259907621e+00
5.161092744196391635e-01
4.082149921849342888e-01
4.141329595217673187e-01
4.141329595217673187e-01
4.141329595217673187e-01
4.602980164751775405e-01
4.602980164751775405e-01
3.255038932698157694e-01
4.487374170743967383e-01
4.999767959855550004e-01
3.052509094413453639e-01
7.554148475859170375e-01
3.812334961007133316e-01
6.637431374672484452e-01
6.974879471263566444e-01
4.124376622712251361e-01
4.124376622712251361e-01
1.090817825047263767e+00
4.705638542727967888e-01
4.668209847348059327e-01
3.365727464568077920e-01
3.398565507378759065e-01
4.639864924786429867e-01
7.784748652407760261e-01
5.161092744196391635e-01
5.204522480711819554e-01
5.053396823275573269e-01
5.053396823275573269e-01
4.100817535670682190e-01
4.602980164751775405e-01
5.323655315838964341e-01
3.221996833742304389e-01
4.983899633411974506e-01
4.125164047341050022e-01
3.052509094413453639e-01
3.566561821951017563e-01
5.332485330241931720e-01
5.678660175368284158e-01
7.015706588822663292e-01
4.124376622712251361e-01
4.946631080750769627e-01
5.353363398866886058e-01
3.525956310767117685e-01
3.508752377259156674e-01
5.307387483602230560e-01
5.969486206682219631e-01
3.431292502031340064e-01
4.123089595466762347e-01
5.161092744196391635e-01
4.123089595466762347e-01
4.100817535670682190e-01
4.988529424661791722e-01
4.945148439566366960e-01
4.554436629972302697e-01
5.323655315838964341e-01
3.320903987050334294e-01
1.340138346824275573e-01
1.073352804266951566e-01
-1.566948395958700502e-02
1.033232103627055309e-01
-1.501722762647599296e-01
3.885085377025374598e-01
5.300397122613578205e-01
6.788385540286725472e-01
1.188720353959878295e+00
1.060736592421074320e+00
1.075458727346008558e+00
1.056386456995708656e+00
6.647812277414146820e-01
5.600185643441655259e-01
6.081957861157007983e-01
3.995249077438156604e-01
5.039908297925048686e-01
4.231396673232019623e-01
5.361081028263434689e-01
4.929511452170114438e-01
3.071556356162687962e-01
3.136073597931945400e-01
-2.803200711973374837e-02
4.284180363703837813e-01
1.876848665928338988e-01
3.010058690549488603e-02
1.061018701800335862e-01
5.174807911217333967e-01
3.128327397859651526e-01
3.717674610717836003e-01
5.359316644729226198e-01
6.971732159509933524e-01
6.405340481709309586e-01
2.846393296114282379e-01
2.688706586198268411e-01
5.508948998832057242e-01
4.600252415599097588e-01
4.935464928720030287e-01
4.797223740639608991e-01
3.995249077438156604e-01
5.013113371430488741e-01
4.024236845097899362e-01
5.392729726656071421e-01
5.487508648691292734e-01
5.021445215732693867e-01
3.056169758248374890e-01
2.492952389006903857e-01
3.295816763699717100e-01
1.726016417334932385e-01
4.538071721755354559e-02
1.367646792985990345e-01
2.206323274356796205e-01
3.128327397859651526e-01
3.717674610717836003e-01
5.359316644729226198e-01
7.032664497155192151e-01
6.757577593716224129e-01
6.153330745462426421e-01
5.701911606609328942e-01
6.858618901960262804e-01
4.445806418273399174e-01
4.600252415599097588e-01
5.680518660157325428e-01
4.614264300910608796e-01
4.053199072772546430e-01
4.735278601187165037e-01
4.806529680922455583e-01
4.694432017058485229e-01
4.775712326484313763e-01
2.466772218407191630e-01
3.332310766529404944e-01
3.137524932823945178e-01
2.390741155280942110e-01
1.583848287029452351e-01
1.403716159703218835e-01
8.352453231459993077e-01
4.847114533166427819e-01
3.675898335334393252e-01
-5.288248750422575029e-02
6.286487242982836676e-01
6.757577593716224129e-01
5.430941382008622753e-01
6.207607628718019299e-01
5.508948998832057242e-01
5.600185643441655259e-01
4.548890296600962557e-01
5.680518660157325428e-01
4.024236845097899362e-01
4.111046841711285538e-01
4.111046841711285538e-01
5.021445215732693867e-01
5.487508648691292734e-01
5.392729726656071421e-01
3.056169758248374890e-01
3.056169758248374890e-01
3.318356424252391079e-01
2.446771189038416949e-01
-5.000051252856962947e-05
1.313476138356213241e-01
9.587195281213212184e-05
1.860409892850967140e-04
3.717674610717836003e-01
5.182212346586165808e-01
5.870686547120520515e-01
5.182212346586165808e-01
3.298249504821626488e-02
6.207607628718019299e-01
5.352665385663133435e-01
5.680518660157325428e-01
4.600252415599097588e-01
5.546483688989010119e-01
4.884900156256222203e-01
3.966235786446539180e-01
4.111046841711285538e-01
5.487508648691292734e-01
5.021445215732693867e-01
5.021445215732693867e-01
2.492952389006903857e-01
3.305271750189513469e-01
3.759356497853465484e-01
2.370366947424962234e-01
1.736691283618254644e-01
1.114413412163406392e-01
5.921659639759981886e-01
4.150121459514926059e-01
3.654987206142239486e-01
5.870686547120520515e-01
6.345972128266783585e-01
6.256701141063949478e-01
6.207607628718019299e-01
5.430941382008622753e-01
4.509329498786058821e-01
5.626992651798694567e-01
4.523164261285472776e-01
4.600252415599097588e-01
4.884900156256222203e-01
4.982325319041311928e-01
4.111046841711285538e-01
5.361081028263434689e-01
4.960184887535366016e-01
4.898809194701474468e-01
2.492952389006903857e-01
2.492952389006903857e-01
3.363380538370011053e-01
2.446771189038416949e-01
3.583609743248405977e-02
1.472892552118638676e-01
5.881365501953119690e-01
4.090295097910097155e-01
3.717674610717836003e-01
5.300397122613578205e-01
6.663306701881648308e-01
6.197041699355061439e-01
4.388597264205795767e-01
4.758454563493987877e-01
5.430941382008622753e-01
5.573349317783087287e-01
5.600185643441655259e-01
4.600252415599097588e-01
4.795201782934661594e-01
4.884900156256222203e-01
4.024236845097899362e-01
5.487508648691292734e-01
4.929511452170114438e-01
5.392729726656071421e-01
2.492952389006903857e-01
3.136073597931945400e-01
3.295816763699717100e-01
2.329260987459118581e-01
1.135547158522181022e-01
1.748784481388643286e-01
5.940019920902290806e-01
2.821841493484305019e-01
5.239148547961223201e-01
8.261523299069004622e-01
8.573783009858129134e-01
8.285852860409459453e-01
7.372271796255471799e-01
4.661776297406898806e-01
4.036133383198681202e-02
8.394722180330376204e-01
6.601577512165075490e-01
7.227707018057714095e-01
7.192817834871387817e-01
6.499988578860431687e-01
6.366453850548250415e-01
7.431991410275031740e-01
7.488276944281633263e-01
1.333794874967253463e-01
4.643404983923256069e-01
4.643404983923256069e-01
4.329631447541038014e-01
3.985364265124911043e-01
2.373820369066974578e-01
2.473639028247403004e-01
6.783505865706800364e-01
2.339665637851098268e-01
5.396143018719747886e-01
7.674262167464132034e-01
8.846221684364774518e-01
8.737610153432875393e-01
8.332249399969082759e-01
8.570170327919690578e-01
7.465348919232948077e-01
7.821268769727520720e-01
6.624710392451138574e-01
6.601577512165075490e-01
6.184169827875400927e-01
7.248403955575515312e-01
7.209957664970563229e-01
7.431991410275031740e-01
7.431991410275031740e-01
7.431991410275031740e-01
4.593346293914164491e-01
4.643404983923256069e-01
5.144928611759604919e-01
3.190028583392141570e-01
2.029042594305447977e-01
2.558809069909591116e-01
6.079108691466759140e-01
4.688885152691906200e-01
5.796048756050078410e-01
7.593081500260581151e-01
8.187446071721957708e-01
8.683122317156239944e-01
4.526450976530735915e-01
8.381583409479436142e-01
9.519066808631677645e-01
6.531993000740268229e-01
6.647812277414146820e-01
1.250354228303987014e-01
6.393214503673796401e-01
6.446655276536610302e-01
6.446655276536610302e-01
7.460149335665384740e-01
7.767882185395933448e-01
7.887357932281506834e-01
4.593346293914164491e-01
4.643404983923256069e-01
5.144928611759604919e-01
3.985364265124911043e-01
3.089347506078743422e-01
2.558809069909591116e-01
6.747658025537948134e-01
4.688885152691906200e-01
5.796048756050078410e-01
7.647231949463701994e-01
9.262944602912224212e-01
8.683122317156239944e-01
7.582756218051862618e-01
8.332249399969082759e-01
8.381583409479436142e-01
6.601577512165075490e-01
6.647812277414146820e-01
6.624710392451138574e-01
7.248403955575515312e-01
6.393214503673796401e-01
7.303885391497981772e-01
7.403803183797066367e-01
7.431991410275031740e-01
7.488276944281633263e-01
4.643404983923256069e-01
4.643404983923256069e-01
5.144928611759604919e-01
3.243151449951460208e-01
2.142197645368799641e-01
2.507736079530431539e-01
-8.063413948694337918e-01
2.370229968533816844e-01
5.735811498846681289e-01
8.177464161298519940e-01
3.965436610733750200e-01
8.737610153432875393e-01
7.582756218051862618e-01
7.582756218051862618e-01
7.582756218051862618e-01
6.647812277414146820e-01
6.601577512165075490e-01
6.601577512165075490e-01
6.446655276536610302e-01
6.446655276536610302e-01
7.268969880536957362e-01
7.063186745646898856e-01
7.920744965274977289e-01
7.431991410275031740e-01
5.247462837446201789e-01
5.323918030989451822e-01
5.186784062159999209e-01
3.243151449951460208e-01
3.310636926570103000e-01
2.816523736611165063e-01
6.819278001873385620e-01
6.762121692473597179e-01
5.415694166859044145e-01
7.647231949463701994e-01
8.846221684364774518e-01
8.737610153432875393e-01
8.381583409479436142e-01
8.307537520541146137e-01
7.535885876922279181e-01
6.624710392451138574e-01
6.601577512165075490e-01
6.647812277414146820e-01
6.446655276536610302e-01
6.446655276536610302e-01
6.393214503673796401e-01
7.949991461119871872e-01
7.920744965274977289e-01
7.979208638372821127e-01
5.434658963278762300e-01
5.145324883644759595e-01
5.665463423189391889e-01
3.207745172659688393e-01
2.029042594305447977e-01
2.575814008938452915e-01
6.783505865706800364e-01
4.688885152691906200e-01
5.415694166859044145e-01
7.728232527169858201e-01
8.710381397344111321e-01
8.683122317156239944e-01
7.582756218051862618e-01
8.381583409479436142e-01
8.307537520541146137e-01
7.772763601090684205e-01
6.601577512165075490e-01
6.647812277414146820e-01
6.446655276536610302e-01
6.446655276536610302e-01
6.446655276536610302e-01
7.488276944281633263e-01
7.460149335665384740e-01
7.431991410275031740e-01
4.643404983923256069e-01
5.323918030989451822e-01
5.082000860813957743e-01
3.624044106910213614e-01
2.165680889577368262e-01
2.851074200879581966e-01
7.586199685457915010e-01
2.309699113546646032e-01
2.708152832410242183e-01
2.896007419308457287e-01
9.721948138974312315e-06
9.721948138974312315e-06
-1.572384825010431086e-05
-1.572384825010431086e-05
1.311492991389151541e-02
1.735432476216161035e-01
9.689520018047126371e-02
-4.156486074160525845e-03
1.192017340318756169e-01
1.246028645019894299e-01
-5.210790427801370583e-03
-2.381498405161064369e-01
2.638604913940412189e-03
5.156688536906983700e-03
5.298580115760564979e-03
6.613515822818616385e-02
-3.418575439244531111e-02
4.105617010908373388e-01
1.682402979683512712e-01
1.696538536624103699e-04
1.001302231392235953e-01
1.193949228740311952e-01
2.708152832410242183e-01
2.896007419308457287e-01
9.721948138974312315e-06
-5.043790027555061783e-03
8.306391305641547262e-02
-1.572384825010431086e-05
-1.572384825010431086e-05
1.157955183259673504e-04
1.157955183259673504e-04
9.689520018047126371e-02
6.610225131869480464e-01
4.725430000108943318e-03
4.725430000108943318e-03
7.352001577006817001e-02
1.178640229717586863e-04
5.156688536906983700e-03
4.871371157033621557e-05
1.054442565645619112e-02
7.371949679074951689e-03
1.303637501043839464e-01
1.201196060753702000e-01
4.733121149072783140e-02
2.083091018089451296e-01
6.603516305489129934e-01
2.617266620833857971e-01
2.896007419308457287e-01
-3.046339074385784329e-02
9.721948138974312315e-06
-1.572384825010431086e-05
8.351146659641486281e-01
1.543970229545958972e-01
1.306131238850785081e-01
-4.156486074160525845e-03
1.472753881350890026e-01
-2.380258154328629416e-04
2.244866249277777115e-03
2.244866249277777115e-03
1.178640229717586863e-04
-6.155871115314148767e-01
5.156688536906983700e-03
8.648988394124046408e-02
5.298580115760564979e-03
-3.218993753802212865e-02
1.107762878573836929e-04
1.864769220831670182e-01
4.913490857020619273e-02
4.615986820120321354e-01
1.193949228740311952e-01
3.487120101490770452e-01
3.489776607326273705e-01
5.333316092960398436e-01
9.721948138974312315e-06
-1.572384825010431086e-05
-1.572384825010431086e-05
-1.572384825010431086e-05
2.630431586689869761e-01
1.157955183259673504e-04
1.157955183259673504e-04
8.633791551097758088e-02
4.725430000108943318e-03
6.610225131869480464e-01
7.352001577006817001e-02
1.178640229717586863e-04
5.156688536906983700e-03
6.880628189536519557e-02
4.871371157033621557e-05
-4.862601553812240240e-04
1.340138346824275573e-01
-3.081277344013777508e-01
3.680410946336643008e-03
3.435232364168427921e-05
-2.019171526425456165e-01
3.487120101490770452e-01
3.489776607326273705e-01
1.008627547974327854e-02
2.845250516363311277e-01
-4.413408591746659226e-03
-1.572384825010431086e-05
9.240371882006925830e-02
-6.296672500575084541e-03
1.157955183259673504e-04
1.157955183259673504e-04
9.152573416441356358e-02
-2.380258154328629416e-04
-2.380258154328629416e-04
1.178640229717586863e-04
8.408333700217873741e-02
-4.931584952579726178e-03
4.871371157033621557e-05
5.298580115760564979e-03
1.129086064759476926e-02
2.063940990206143411e-01
1.622865926341132692e-01
1.696538536624103699e-04
4.702685062667137927e-01
1.193949228740311952e-01
2.708152832410242183e-01
3.489776607326273705e-01
1.008627547974327854e-02
6.064163165099500930e-02
-1.572384825010431086e-05
-1.572384825010431086e-05
-1.572384825010431086e-05
1.157955183259673504e-04
1.157955183259673504e-04
1.157955183259673504e-04
8.633791551097758088e-02
-2.380258154328629416e-04
4.725430000108943318e-03
5.156688536906983700e-03
7.307050688800842408e-02
1.178640229717586863e-04
5.298580115760564979e-03
5.298580115760564979e-03
-4.862601553812240240e-04
1.340138346824275573e-01
1.238756794400401873e-01
3.756593452181089532e-02
9.693036361649465249e-02
3.660182042162389848e-01
2.708152832410242183e-01
2.845250516363311277e-01
9.721948138974312315e-06
5.800409507833848011e-02
1.090188374729788023e-01
-1.572384825010431086e-05
9.007252086030526073e-02
-6.296672500575084541e-03
9.463483001229278102e-02
1.014080764148914682e-01
1.219033789158796566e-01
9.152573416441356358e-02
8.374062497398249150e-02
7.352001577006817001e-02
-2.405532984219860282e-03
1.178640229717586863e-04
5.298580115760564979e-03
5.298580115760564979e-03
1.520296664984766011e-02
4.033932504463653146e-01
1.909649047058579185e-01
3.597533849256331351e-01
2.869230662158459566e-01
1.111885390645972471e+00
8.192262855026699597e-01
1.239251971156171805e+00
1.249462273891079889e+00
1.171090034313007067e+00
1.016630197430403726e+00
1.016630197430403726e+00
1.039964343598056118e+00
1.267396479119121011e+00
1.118577934101391946e+00
9.866720779562889732e-01
1.025355203060650311e+00
7.366792309720384679e-01
1.147717951883990395e+00
1.221761883314179897e+00
1.142603750160152032e+00
1.149582966081434066e+00
9.117616790120139925e-01
8.978532042128692936e-01
7.075557875714766354e-01
6.490626453246628458e-01
5.287055027802081142e-01
5.453090036102317129e-01
9.310843986222874236e-01
8.422017676052737656e-01
8.114383615270410743e-01
1.212347253594892038e+00
1.149411877008196470e+00
1.260678278682165754e+00
5.724869861436481244e-01
1.074104646493465154e+00
1.081550859582481650e+00
9.848550267347189191e-01
9.830347706278370623e-01
9.866720779562889732e-01
1.172408507971502090e+00
1.125330150860653688e+00
1.023115576750818434e+00
1.004069974314763414e+00
1.214429348003415399e+00
1.149582966081434066e+00
8.320928533295601781e-01
8.366312093462662247e-01
8.172408161382351821e-01
5.888744154362273164e-01
6.053072143215123546e-01
5.058099625741654393e-01
9.310843986222874236e-01
7.249209345210383404e-01
8.672391226330304903e-01
1.151633799316051920e+00
1.313755922867919423e+00
1.260678278682165754e+00
1.224522285830470736e+00
1.085254784435290887e+00
1.309768147096002977e+00
4.366263075611325206e-01
1.120520766196740681e+00
5.832912521422546348e-01
1.025355203060650311e+00
1.023115576750818434e+00
1.125330150860653688e+00
1.221761883314179897e+00
1.075646039664277964e+00
1.065155323028596612e+00
7.296376557342307834e-01
8.320928533295601781e-01
8.011074261752133552e-01
6.508279929946496623e-01
6.269442894110817122e-01
5.104296779108663529e-01
1.026541605183997063e+00
7.219271880734092761e-01
8.724836205748003337e-01
1.147186804248672587e+00
1.334988644475121333e+00
1.260678278682165754e+00
1.085254784435290887e+00
9.359224853627914342e-01
1.085254784435290887e+00
9.866720779562889732e-01
1.122460447385703830e+00
8.455041068229771639e-01
1.027591965357872894e+00
1.027591965357872894e+00
1.125330150860653688e+00
1.216876661462244158e+00
8.720721764520202868e-01
1.135595501853451594e+00
3.985936751470307016e-01
8.320928533295601781e-01
8.814918592642362327e-01
5.823903853930305630e-01
2.120560248979561635e-01
5.104296779108663529e-01
-4.576213162343671925e-01
4.512034239975806216e-01
8.805871390135013854e-01
1.142727210033397611e+00
1.265142406186262392e+00
1.156068189940070212e+00
1.085254784435290887e+00
1.085254784435290887e+00
1.081550859582481650e+00
9.830347706278370623e-01
9.866720779562889732e-01
9.866720779562889732e-01
1.023115576750818434e+00
1.027591965357872894e+00
1.130030458641341440e+00
1.050862539106040217e+00
1.126206054323146688e+00
1.147259788188817353e+00
8.320928533295601781e-01
8.366312093462662247e-01
8.243577853208785555e-01
5.163986068340511437e-01
6.452143100199787540e-01
5.058099625741654393e-01
9.281034373279011263e-01
7.249209345210383404e-01
8.724836205748003337e-01
1.221714532313841417e+00
1.349004318032744010e+00
1.260678278682165754e+00
1.185493520182316018e+00
1.083404420806783008e+00
1.081550859582481650e+00
9.866720779562889732e-01
9.812113099870689581e-01
1.191691084179929305e+00
-1.331705255296355972e-04
-3.643898462767438673e-01
7.143444309434148209e-01
-5.598342438653194364e-01
5.883785081712602505e-01
9.978621945918870750e-01
8.886589823456008119e-01
8.252735505698174379e-01
8.136699928828710071e-01
-5.325973468083868845e+00
