1.904539747923289505e-02
1.763154461192723010e-02
-3.101136970036388885e-02
2.131678935343639392e-02
1.870539694921197205e-02
-7.745992745184016037e-02
6.872518280391431977e-02
6.872518280391431977e-02
6.872518280391431977e-02
4.492963816643713582e-03
4.161833651783586330e-02
6.872518280391431977e-02
6.872518280391431977e-02
6.872518280391431977e-02
2.608567908616582498e-02
4.614737467104618185e-02
6.872518280391431977e-02
6.872518280391431977e-02
6.872518280391431977e-02
4.646811306053144630e-02
3.587289794922288166e-02
4.161833651783586330e-02
4.646811306053144630e-02
-1.926411719990994698e-02
3.353403509197028232e-02
3.428965750556550729e-02
-8.972369561150217443e-03
2.131678935343639392e-02
1.870539694921197205e-02
-2.452488555478848919e-02
4.161833651783586330e-02
6.872518280391431977e-02
6.872518280391431977e-02
6.872518280391431977e-02
6.872518280391431977e-02
6.872518280391431977e-02
6.872518280391431977e-02
6.872518280391431977e-02
6.872518280391431977e-02
6.872518280391431977e-02
6.872518280391431977e-02
6.872518280391431977e-02
6.872518280391431977e-02
6.872518280391431977e-02
6.872518280391431977e-02
6.872518280391431977e-02
6.872518280391431977e-02
1.141896344412995923e-02
4.263912918564083387e-02
-6.030566191274377985e-02
-8.972369561150217443e-03
-7.799091668290913937e-02
-1.739517152424974178e-02
-2.452488555478848919e-02
4.646811306053144630e-02
6.872518280391431977e-02
6.872518280391431977e-02
4.161833651783586330e-02
4.646811306053144630e-02
4.646811306053144630e-02
6.872518280391431977e-02
4.646811306053144630e-02
6.872518280391431977e-02
6.872518280391431977e-02
6.872518280391431977e-02
6.872518280391431977e-02
6.872518280391431977e-02
6.872518280391431977e-02
6.872518280391431977e-02
2.980683057995364704e-02
4.646811306053144630e-02
1.141896344412995923e-02
1.068599477672926845e-02
2.693086798949922978e-02
-8.972369561150217443e-03
2.131678935343639392e-02
1.870539694921197205e-02
-2.452488555478848919e-02
6.872518280391431977e-02
6.872518280391431977e-02
4.161833651783586330e-02
5.003025949033940156e-02
6.872518280391431977e-02
6.872518280391431977e-02
4.161833651783586330e-02
4.646811306053144630e-02
6.872518280391431977e-02
6.872518280391431977e-02
3.850296006948672467e-02
6.872518280391431977e-02
6.872518280391431977e-02
6.872518280391431977e-02
6.872518280391431977e-02
4.161833651783586330e-02
4.646811306053144630e-02
1.141896344412995923e-02
-4.525789814137648470e-02
6.872518280391431977e-02
-8.972369561150217443e-03
2.131678935343639392e-02
1.870539694921197205e-02
-2.452488555478848919e-02
6.872518280391431977e-02
6.872518280391431977e-02
6.872518280391431977e-02
6.872518280391431977e-02
6.872518280391431977e-02
6.872518280391431977e-02
4.161833651783586330e-02
6.872518280391431977e-02
6.872518280391431977e-02
6.872518280391431977e-02
6.872518280391431977e-02
6.872518280391431977e-02
6.872518280391431977e-02
6.872518280391431977e-02
6.872518280391431977e-02
6.872518280391431977e-02
6.872518280391431977e-02
-1.926411719990994698e-02
-6.177642398791605149e-02
6.872518280391431977e-02
-8.972369561150217443e-03
2.131678935343639392e-02
-1.022527871303670066e-01
-6.723318592753879663e-03
8.726430418047986803e-02
6.131440461980036671e-02
6.936729848819367383e-02
8.726430418047986803e-02
4.867747380814507752e-02
8.726430418047986803e-02
8.726430418047986803e-02
8.726430418047986803e-02
8.726430418047986803e-02
8.726430418047986803e-02
8.726430418047986803e-02
8.726430418047986803e-02
8.726430418047986803e-02
8.726430418047986803e-02
8.726430418047986803e-02
5.277761588723567376e-02
8.726430418047986803e-02
3.240397034103892349e-02
8.726430418047986803e-02
8.726430418047986803e-02
1.288295938274253150e-02
4.187934735483433979e-02
2.573382136478691296e-02
-6.723318592753879663e-03
8.726430418047986803e-02
8.726430418047986803e-02
8.726430418047986803e-02
2.467555062893272977e-02
6.595718795381455557e-02
8.726430418047986803e-02
8.726430418047986803e-02
8.726430418047986803e-02
8.726430418047986803e-02
8.726430418047986803e-02
8.726430418047986803e-02
8.726430418047986803e-02
8.726430418047986803e-02
8.726430418047986803e-02
8.726430418047986803e-02
8.726430418047986803e-02
8.726430418047986803e-02
3.240397034103892349e-02
-3.536406755174148486e-02
8.726430418047986803e-02
1.288295938274253150e-02
4.187934735483433979e-02
2.573382136478691296e-02
-6.723318592753879663e-03
6.131440461980036671e-02
6.936729848819367383e-02
8.726430418047986803e-02
8.726430418047986803e-02
8.726430418047986803e-02
8.726430418047986803e-02
8.726430418047986803e-02
6.131440461980036671e-02
6.936729848819367383e-02
6.131440461980036671e-02
8.726430418047986803e-02
8.726430418047986803e-02
8.726430418047986803e-02
6.131440461980036671e-02
6.936729848819367383e-02
8.726430418047986803e-02
6.595718795381455557e-02
3.240397034103892349e-02
6.229162885762778989e-02
6.131440461980036671e-02
-8.215394663855346558e-03
4.187934735483433979e-02
2.573382136478691296e-02
-6.723318592753879663e-03
8.726430418047986803e-02
4.867747380814507752e-02
8.726430418047986803e-02
8.726430418047986803e-02
8.726430418047986803e-02
8.726430418047986803e-02
8.726430418047986803e-02
8.726430418047986803e-02
8.726430418047986803e-02
8.726430418047986803e-02
8.726430418047986803e-02
8.726430418047986803e-02
8.726430418047986803e-02
4.867747380814507752e-02
8.726430418047986803e-02
8.726430418047986803e-02
8.726430418047986803e-02
3.240397034103892349e-02
6.229162885762778989e-02
3.064867134772825130e-02
1.288295938274253150e-02
-2.397059608153051524e-02
1.748692360955095282e-03
-6.723318592753879663e-03
8.726430418047986803e-02
5.277761588723567376e-02
8.726430418047986803e-02
8.726430418047986803e-02
8.726430418047986803e-02
8.726430418047986803e-02
8.726430418047986803e-02
4.867747380814507752e-02
8.726430418047986803e-02
8.726430418047986803e-02
8.726430418047986803e-02
6.131440461980036671e-02
8.726430418047986803e-02
8.726430418047986803e-02
5.833199548687639791e-02
6.131440461980036671e-02
8.726430418047986803e-02
3.240397034103892349e-02
6.229162885762778989e-02
6.936729848819367383e-02
1.288295938274253150e-02
4.187934735483433979e-02
2.573382136478691296e-02
-6.723318592753879663e-03
8.726430418047986803e-02
8.726430418047986803e-02
8.726430418047986803e-02
6.131440461980036671e-02
6.595718795381455557e-02
8.726430418047986803e-02
8.726430418047986803e-02
8.726430418047986803e-02
8.726430418047986803e-02
8.726430418047986803e-02
8.726430418047986803e-02
6.131440461980036671e-02
6.595718795381455557e-02
4.867747380814507752e-02
8.726430418047986803e-02
8.726430418047986803e-02
8.726430418047986803e-02
3.030473604386463293e-03
3.970490070853471831e-02
8.726430418047986803e-02
1.288295938274253150e-02
4.187934735483433979e-02
2.573382136478691296e-02
-6.723318592753879663e-03
6.131440461980036671e-02
8.726430418047986803e-02
8.726430418047986803e-02
8.726430418047986803e-02
8.726430418047986803e-02
8.726430418047986803e-02
8.726430418047986803e-02
8.726430418047986803e-02
8.726430418047986803e-02
8.726430418047986803e-02
8.726430418047986803e-02
6.595718795381455557e-02
8.726430418047986803e-02
8.726430418047986803e-02
8.726430418047986803e-02
8.726430418047986803e-02
8.726430418047986803e-02
3.240397034103892349e-02
-1.263556768862938995e-02
4.867747380814507752e-02
1.288295938274253150e-02
-3.700881533444722038e-03
-6.691304482604742976e-02
-1.251482388805824630e-02
9.169416976230526650e-02
6.602071903513562212e-02
7.398782401208875426e-02
9.169416976230526650e-02
9.169416976230526650e-02
9.169416976230526650e-02
9.169416976230526650e-02
7.686525005098238106e-02
9.169416976230526650e-02
5.014023920249133237e-02
9.169416976230526650e-02
9.169416976230526650e-02
9.169416976230526650e-02
9.169416976230526650e-02
9.169416976230526650e-02
9.169416976230526650e-02
9.169416976230526650e-02
3.741827268572783805e-02
5.836391115235578519e-02
9.169416976230526650e-02
1.810522248256785094e-02
4.679270684552860882e-02
-7.499689686587096560e-03
-1.251482388805824630e-02
9.169416976230526650e-02
9.169416976230526650e-02
5.014023920249133237e-02
9.169416976230526650e-02
9.169416976230526650e-02
9.169416976230526650e-02
9.169416976230526650e-02
9.169416976230526650e-02
9.169416976230526650e-02
9.169416976230526650e-02
9.169416976230526650e-02
9.169416976230526650e-02
9.169416976230526650e-02
9.169416976230526650e-02
5.014023920249133237e-02
9.169416976230526650e-02
4.650812934961512379e-02
3.741827268572783805e-02
6.698753273168162048e-02
9.169416976230526650e-02
1.810522248256785094e-02
7.505530851074693199e-03
2.943912979018936671e-02
-1.251482388805824630e-02
9.169416976230526650e-02
9.169416976230526650e-02
9.169416976230526650e-02
9.169416976230526650e-02
9.169416976230526650e-02
9.169416976230526650e-02
9.169416976230526650e-02
9.169416976230526650e-02
9.169416976230526650e-02
9.169416976230526650e-02
9.169416976230526650e-02
9.169416976230526650e-02
7.686525005098238106e-02
9.169416976230526650e-02
9.169416976230526650e-02
7.398782401208875426e-02
7.398782401208875426e-02
2.063295820965033167e-02
-1.818337137163572592e-02
9.169416976230526650e-02
1.810522248256785094e-02
4.679270684552860882e-02
-7.499689686587096560e-03
-1.251482388805824630e-02
9.169416976230526650e-02
9.169416976230526650e-02
5.014023920249133237e-02
9.169416976230526650e-02
9.169416976230526650e-02
9.169416976230526650e-02
9.169416976230526650e-02
9.169416976230526650e-02
9.169416976230526650e-02
6.602071903513562212e-02
9.169416976230526650e-02
9.169416976230526650e-02
9.169416976230526650e-02
9.169416976230526650e-02
9.169416976230526650e-02
9.169416976230526650e-02
7.061404198361259654e-02
3.741827268572783805e-02
6.698753273168162048e-02
3.568167320059928427e-02
1.810522248256785094e-02
-7.102548142141129617e-02
5.640176809051100637e-03
-1.251482388805824630e-02
9.169416976230526650e-02
9.169416976230526650e-02
5.627300648805905192e-02
9.169416976230526650e-02
9.169416976230526650e-02
9.169416976230526650e-02
9.169416976230526650e-02
9.169416976230526650e-02
9.169416976230526650e-02
5.627300648805905192e-02
5.961046014373544422e-02
9.169416976230526650e-02
9.169416976230526650e-02
9.169416976230526650e-02
9.169416976230526650e-02
9.169416976230526650e-02
9.169416976230526650e-02
3.741827268572783805e-02
2.900077342391438329e-02
-3.921914047071606291e-02
-6.745638430667444396e-03
4.679270684552860882e-02
2.943912979018936671e-02
-1.251482388805824630e-02
9.169416976230526650e-02
9.169416976230526650e-02
9.169416976230526650e-02
9.169416976230526650e-02
9.169416976230526650e-02
9.169416976230526650e-02
9.169416976230526650e-02
9.169416976230526650e-02
-4.463596710068618023e-02
9.169416976230526650e-02
9.169416976230526650e-02
5.961046014373544422e-02
9.169416976230526650e-02
5.961046014373544422e-02
9.169416976230526650e-02
9.169416976230526650e-02
9.169416976230526650e-02
3.741827268572783805e-02
6.698753273168162048e-02
9.169416976230526650e-02
1.810522248256785094e-02
2.149647292543227506e-02
9.053347814339474109e-03
1.257425711015441872e-02
9.169416976230526650e-02
9.169416976230526650e-02
9.169416976230526650e-02
5.627300648805905192e-02
9.169416976230526650e-02
9.169416976230526650e-02
9.169416976230526650e-02
7.398782401208875426e-02
6.602071903513562212e-02
9.169416976230526650e-02
9.169416976230526650e-02
5.585948444169336335e-02
7.398782401208875426e-02
9.169416976230526650e-02
9.169416976230526650e-02
9.169416976230526650e-02
8.260942710559437963e-03
1.355702177538198328e-02
6.698753273168162048e-02
9.169416976230526650e-02
1.810522248256785094e-02
-2.511583136211203993e-02
-1.119856375338796894e-01
2.866277348614110210e-03
9.534239305774017126e-02
9.534239305774017126e-02
9.534239305774017126e-02
9.534239305774017126e-02
9.534239305774017126e-02
9.534239305774017126e-02
9.534239305774017126e-02
9.534239305774017126e-02
9.534239305774017126e-02
9.534239305774017126e-02
9.534239305774017126e-02
9.534239305774017126e-02
9.534239305774017126e-02
9.534239305774017126e-02
9.534239305774017126e-02
9.534239305774017126e-02
9.534239305774017126e-02
4.154780986611089633e-02
7.085485231282923069e-02
9.534239305774017126e-02
2.240602609472208684e-02
5.083911236770477515e-02
3.846709723128938219e-02
2.866277348614110210e-03
9.534239305774017126e-02
6.305897014208589058e-02
9.534239305774017126e-02
9.534239305774017126e-02
9.534239305774017126e-02
9.534239305774017126e-02
9.534239305774017126e-02
9.534239305774017126e-02
6.989661223517079636e-02
7.779306562541982162e-02
9.534239305774017126e-02
9.534239305774017126e-02
9.534239305774017126e-02
6.305897014208589058e-02
9.534239305774017126e-02
9.534239305774017126e-02
9.534239305774017126e-02
4.154780986611089633e-02
-3.534443077125981603e-02
9.534239305774017126e-02
2.240602609472208684e-02
5.083911236770477515e-02
3.846709723128938219e-02
-3.587533079192750662e-02
9.534239305774017126e-02
6.989661223517079636e-02
7.779306562541982162e-02
9.534239305774017126e-02
9.534239305774017126e-02
7.444920199944926598e-02
9.534239305774017126e-02
9.534239305774017126e-02
6.697214121969902179e-02
-9.253620095784342858e-03
9.534239305774017126e-02
9.534239305774017126e-02
9.534239305774017126e-02
9.534239305774017126e-02
9.534239305774017126e-02
9.534239305774017126e-02
9.534239305774017126e-02
4.154780986611089633e-02
7.085485231282923069e-02
9.534239305774017126e-02
-1.565213280747335123e-02
5.083911236770477515e-02
3.846709723128938219e-02
2.866277348614110210e-03
9.534239305774017126e-02
9.534239305774017126e-02
9.534239305774017126e-02
9.534239305774017126e-02
9.534239305774017126e-02
6.989661223517079636e-02
7.779306562541982162e-02
9.534239305774017126e-02
9.534239305774017126e-02
9.534239305774017126e-02
9.534239305774017126e-02
9.534239305774017126e-02
9.534239305774017126e-02
9.534239305774017126e-02
9.534239305774017126e-02
9.534239305774017126e-02
9.534239305774017126e-02
4.154780986611089633e-02
6.230770425173598470e-02
3.982661039258622582e-02
2.240602609472208684e-02
-1.373158949348018965e-02
1.512176129851039441e-02
6.175565730213605775e-03
9.534239305774017126e-02
9.534239305774017126e-02
9.534239305774017126e-02
6.305897014208589058e-02
9.534239305774017126e-02
6.989661223517079636e-02
7.779306562541982162e-02
9.534239305774017126e-02
9.534239305774017126e-02
9.534239305774017126e-02
9.534239305774017126e-02
9.534239305774017126e-02
9.534239305774017126e-02
9.534239305774017126e-02
9.534239305774017126e-02
9.534239305774017126e-02
9.534239305774017126e-02
4.154780986611089633e-02
7.085485231282923069e-02
9.534239305774017126e-02
2.240602609472208684e-02
5.083911236770477515e-02
3.846709723128938219e-02
2.866277348614110210e-03
9.534239305774017126e-02
9.534239305774017126e-02
9.534239305774017126e-02
9.534239305774017126e-02
9.534239305774017126e-02
9.534239305774017126e-02
9.534239305774017126e-02
9.534239305774017126e-02
9.534239305774017126e-02
9.534239305774017126e-02
9.534239305774017126e-02
9.534239305774017126e-02
9.534239305774017126e-02
9.534239305774017126e-02
6.305897014208589058e-02
9.534239305774017126e-02
9.534239305774017126e-02
4.154780986611089633e-02
7.085485231282923069e-02
9.534239305774017126e-02
2.240602609472208684e-02
5.083911236770477515e-02
3.846709723128938219e-02
1.257425711015441872e-02
9.534239305774017126e-02
9.534239305774017126e-02
9.534239305774017126e-02
9.534239305774017126e-02
9.534239305774017126e-02
9.534239305774017126e-02
9.534239305774017126e-02
9.534239305774017126e-02
9.534239305774017126e-02
9.534239305774017126e-02
9.534239305774017126e-02
6.989661223517079636e-02
4.650812934961512379e-02
6.989661223517079636e-02
3.777250931775666398e-03
9.534239305774017126e-02
9.534239305774017126e-02
2.168318145557174281e-02
-2.490372436672949608e-02
9.534239305774017126e-02
-1.565213280747335123e-02
5.083911236770477515e-02
-9.951955373929310955e-02
-1.102114299831791211e-02
8.030106086625499184e-02
5.465604278940666694e-02
8.030106086625499184e-02
5.863714469531233764e-02
8.030106086625499184e-02
8.030106086625499184e-02
8.030106086625499184e-02
8.030106086625499184e-02
8.030106086625499184e-02
5.465604278940666694e-02
8.030106086625499184e-02
5.465604278940666694e-02
8.030106086625499184e-02
8.030106086625499184e-02
8.030106086625499184e-02
5.391661527791236086e-02
8.030106086625499184e-02
-1.788986329198982705e-02
8.030106086625499184e-02
5.465604278940666694e-02
4.674157570747461410e-03
3.415610677518166050e-02
2.772505834570598848e-02
-1.102114299831791211e-02
8.030106086625499184e-02
8.030106086625499184e-02
8.030106086625499184e-02
8.030106086625499184e-02
1.447711984248239991e-02
8.030106086625499184e-02
8.030106086625499184e-02
8.030106086625499184e-02
8.030106086625499184e-02
8.030106086625499184e-02
8.030106086625499184e-02
8.030106086625499184e-02
5.465604278940666694e-02
5.863714469531233764e-02
8.030106086625499184e-02
8.030106086625499184e-02
8.030106086625499184e-02
2.452205911095362012e-02
4.604776145259464881e-02
5.391661527791236086e-02
4.674157570747461410e-03
3.415610677518166050e-02
2.772505834570598848e-02
-1.102114299831791211e-02
8.030106086625499184e-02
8.030106086625499184e-02
8.030106086625499184e-02
8.030106086625499184e-02
-5.660837258593454102e-03
-3.655371298772092103e-02
5.487793663726076021e-02
8.030106086625499184e-02
8.030106086625499184e-02
8.030106086625499184e-02
6.506147233508613459e-02
3.095049085639178799e-02
8.030106086625499184e-02
5.863714469531233764e-02
8.030106086625499184e-02
8.030106086625499184e-02
8.030106086625499184e-02
2.452205911095362012e-02
4.604776145259464881e-02
8.030106086625499184e-02
-1.329143063340987307e-02
-2.469810925199267260e-02
7.265503304676013130e-03
-1.102114299831791211e-02
8.030106086625499184e-02
8.030106086625499184e-02
8.030106086625499184e-02
8.030106086625499184e-02
8.030106086625499184e-02
8.030106086625499184e-02
8.030106086625499184e-02
8.030106086625499184e-02
5.043271586619973990e-02
8.030106086625499184e-02
8.030106086625499184e-02
6.506147233508613459e-02
3.095049085639178799e-02
8.030106086625499184e-02
8.030106086625499184e-02
8.030106086625499184e-02
8.030106086625499184e-02
2.452205911095362012e-02
5.491020369894944464e-02
2.273736662411046661e-02
4.674157570747461410e-03
-5.211276497723493772e-02
-2.557326882671118184e-02
-1.102114299831791211e-02
8.030106086625499184e-02
8.030106086625499184e-02
8.030106086625499184e-02
8.030106086625499184e-02
8.030106086625499184e-02
8.030106086625499184e-02
8.030106086625499184e-02
5.465604278940666694e-02
5.465604278940666694e-02
8.030106086625499184e-02
8.030106086625499184e-02
8.030106086625499184e-02
8.030106086625499184e-02
8.030106086625499184e-02
8.030106086625499184e-02
8.030106086625499184e-02
8.030106086625499184e-02
2.452205911095362012e-02
5.952013239210351969e-03
-4.821076494953013825e-02
-2.555814386669119642e-02
3.415610677518166050e-02
2.048994664596565096e-02
-1.102114299831791211e-02
8.030106086625499184e-02
8.030106086625499184e-02
8.030106086625499184e-02
8.030106086625499184e-02
8.030106086625499184e-02
8.030106086625499184e-02
8.030106086625499184e-02
8.030106086625499184e-02
5.465604278940666694e-02
4.241988738690388727e-02
5.088426398476747492e-02
5.088426398476747492e-02
1.615958996883504195e-02
3.879790502578195355e-02
6.210435949643977604e-02
3.167806352919710910e-02
8.030106086625499184e-02
-4.506332811345159506e-03
5.491020369894944464e-02
8.030106086625499184e-02
-2.555814386669119642e-02
3.415610677518166050e-02
2.772505834570598848e-02
-9.592457953378707991e-03
6.506147233508613459e-02
6.210435949643977604e-02
8.030106086625499184e-02
5.391661527791236086e-02
5.391661527791236086e-02
-1.386763403852464549e-02
6.506147233508613459e-02
4.732883209579619166e-02
2.228199552393395066e-03
5.391661527791236086e-02
6.506147233508613459e-02
8.030106086625499184e-02
8.030106086625499184e-02
6.210435949643977604e-02
6.506147233508613459e-02
8.030106086625499184e-02
8.030106086625499184e-02
2.452205911095362012e-02
5.491020369894944464e-02
2.042487648827889801e-02
-2.642983736098492020e-02
3.415610677518166050e-02
-1.014535899184758616e-01
-6.723318592753879663e-03
8.726430418047986803e-02
8.726430418047986803e-02
8.726430418047986803e-02
7.227570832745039420e-02
8.726430418047986803e-02
8.726430418047986803e-02
8.726430418047986803e-02
5.833199548687639791e-02
6.131440461980036671e-02
8.726430418047986803e-02
8.726430418047986803e-02
6.131440461980036671e-02
5.833199548687639791e-02
8.726430418047986803e-02
8.726430418047986803e-02
6.936729848819367383e-02
7.227570832745039420e-02
1.214579411692817690e-02
6.229162885762778989e-02
8.726430418047986803e-02
1.288295938274253150e-02
4.187934735483433979e-02
2.573382136478691296e-02
-6.723318592753879663e-03
6.936729848819367383e-02
8.726430418047986803e-02
8.726430418047986803e-02
3.382688978601339214e-02
8.726430418047986803e-02
4.389960163212636157e-03
7.227570832745039420e-02
4.389960163212636157e-03
7.227570832745039420e-02
5.104375499367586055e-02
7.227570832745039420e-02
7.227570832745039420e-02
8.726430418047986803e-02
8.726430418047986803e-02
8.726430418047986803e-02
8.726430418047986803e-02
8.726430418047986803e-02
-5.538386261506267338e-03
6.229162885762778989e-02
8.726430418047986803e-02
1.288295938274253150e-02
4.187934735483433979e-02
2.183106422424740956e-02
-3.785455971362705618e-03
8.726430418047986803e-02
8.726430418047986803e-02
8.726430418047986803e-02
2.819591093065815235e-02
3.454381579378240641e-02
5.104375499367586055e-02
6.595718795381455557e-02
8.726430418047986803e-02
8.726430418047986803e-02
5.000702531371598036e-02
5.104375499367586055e-02
8.726430418047986803e-02
6.936729848819367383e-02
8.726430418047986803e-02
8.726430418047986803e-02
8.726430418047986803e-02
8.726430418047986803e-02
3.240397034103892349e-02
6.229162885762778989e-02
8.726430418047986803e-02
-1.770875957954476387e-02
1.824668406113855168e-02
2.573382136478691296e-02
-6.723318592753879663e-03
8.726430418047986803e-02
8.726430418047986803e-02
8.726430418047986803e-02
8.726430418047986803e-02
8.726430418047986803e-02
8.726430418047986803e-02
8.726430418047986803e-02
8.726430418047986803e-02
8.726430418047986803e-02
8.726430418047986803e-02
8.726430418047986803e-02
8.726430418047986803e-02
8.726430418047986803e-02
8.726430418047986803e-02
7.227570832745039420e-02
6.936729848819367383e-02
8.726430418047986803e-02
3.030473604386463293e-03
6.229162885762778989e-02
6.440542801318227539e-03
-4.786739526996708349e-03
-4.665511490448381871e-02
1.748692360955095282e-03
-6.723318592753879663e-03
8.726430418047986803e-02
8.726430418047986803e-02
8.726430418047986803e-02
8.726430418047986803e-02
8.726430418047986803e-02
8.726430418047986803e-02
8.726430418047986803e-02
6.131440461980036671e-02
6.595718795381455557e-02
8.726430418047986803e-02
6.131440461980036671e-02
6.595718795381455557e-02
8.726430418047986803e-02
8.726430418047986803e-02
8.726430418047986803e-02
6.595718795381455557e-02
8.726430418047986803e-02
3.240397034103892349e-02
5.357514908983440627e-02
8.726430418047986803e-02
1.288295938274253150e-02
4.187934735483433979e-02
2.573382136478691296e-02
-6.723318592753879663e-03
8.726430418047986803e-02
8.726430418047986803e-02
8.726430418047986803e-02
7.227570832745039420e-02
8.726430418047986803e-02
6.131440461980036671e-02
6.595718795381455557e-02
8.726430418047986803e-02
8.726430418047986803e-02
5.104375499367586055e-02
2.819591093065815235e-02
4.964746159178090590e-02
7.227570832745039420e-02
8.726430418047986803e-02
4.867747380814507752e-02
8.726430418047986803e-02
8.726430418047986803e-02
3.240397034103892349e-02
6.229162885762778989e-02
8.726430418047986803e-02
-1.770875957954476387e-02
1.824668406113855168e-02
2.573382136478691296e-02
-6.723318592753879663e-03
8.726430418047986803e-02
8.726430418047986803e-02
2.819591093065815235e-02
6.595718795381455557e-02
8.726430418047986803e-02
6.131440461980036671e-02
5.387854128493702044e-02
6.131440461980036671e-02
1.118720823905222650e-02
7.227570832745039420e-02
-2.599850185681984449e-02
5.387854128493702044e-02
4.258236374394380741e-02
8.726430418047986803e-02
5.277761588723567376e-02
8.726430418047986803e-02
6.131440461980036671e-02
1.214579411692817690e-02
5.357514908983440627e-02
6.131440461980036671e-02
1.288295938274253150e-02
1.005672054891992850e-03
-8.538149595077137999e-02
2.866277348614110210e-03
3.248517878678303106e-02
7.779306562541982162e-02
7.082373319847196091e-02
7.779306562541982162e-02
2.528554313295017231e-03
6.260520256311885579e-02
9.534239305774017126e-02
9.534239305774017126e-02
7.779306562541982162e-02
-3.000859682493339786e-02
-3.968683160154296008e-02
9.534239305774017126e-02
6.989661223517079636e-02
6.989661223517079636e-02
9.534239305774017126e-02
8.064497490309835426e-02
6.989661223517079636e-02
4.491567859764455939e-03
7.085485231282923069e-02
8.064497490309835426e-02
-1.508128698355104547e-02
1.876656796495179691e-02
1.163511426121699444e-03
2.866277348614110210e-03
7.444920199944926598e-02
9.534239305774017126e-02
9.534239305774017126e-02
9.534239305774017126e-02
9.534239305774017126e-02
5.880889704662123352e-02
7.082373319847196091e-02
9.534239305774017126e-02
9.534239305774017126e-02
8.064497490309835426e-02
3.504622474483748418e-02
5.756202027391887910e-02
6.989661223517079636e-02
7.779306562541982162e-02
9.534239305774017126e-02
8.064497490309835426e-02
7.779306562541982162e-02
1.274494077578658402e-02
5.225158926697520689e-02
9.534239305774017126e-02
2.240602609472208684e-02
1.503214273289188441e-02
3.846709723128938219e-02
2.866277348614110210e-03
9.534239305774017126e-02
9.534239305774017126e-02
9.534239305774017126e-02
9.534239305774017126e-02
5.880889704662123352e-02
2.661129180546850659e-02
6.260520256311885579e-02
9.534239305774017126e-02
9.534239305774017126e-02
-8.912246796565093110e-02
3.759639043387236201e-02
7.779306562541982162e-02
9.534239305774017126e-02
9.534239305774017126e-02
9.534239305774017126e-02
9.534239305774017126e-02
6.989661223517079636e-02
-2.847292956286096022e-02
1.071430813827889406e-02
4.622635305377342796e-02
1.717541673758038456e-03
5.083911236770477515e-02
2.232345629860632563e-03
8.129814835505178028e-03
6.478951008646949283e-02
9.534239305774017126e-02
9.534239305774017126e-02
8.064497490309835426e-02
9.534239305774017126e-02
6.989661223517079636e-02
7.444920199944926598e-02
7.779306562541982162e-02
9.534239305774017126e-02
6.012850661195806579e-02
9.534239305774017126e-02
9.534239305774017126e-02
9.534239305774017126e-02
9.534239305774017126e-02
6.478951008646949283e-02
9.534239305774017126e-02
9.534239305774017126e-02
1.274494077578658402e-02
4.870690786175924103e-02
1.988790212886626385e-02
2.240602609472208684e-02
-6.801138676567208829e-02
1.512176129851039441e-02
-3.587533079192750662e-02
7.779306562541982162e-02
6.989661223517079636e-02
7.779306562541982162e-02
6.012850661195806579e-02
7.444920199944926598e-02
9.534239305774017126e-02
4.294308680120384469e-02
7.082373319847196091e-02
6.478951008646949283e-02
9.534239305774017126e-02
7.444920199944926598e-02
9.534239305774017126e-02
9.534239305774017126e-02
9.534239305774017126e-02
9.534239305774017126e-02
9.534239305774017126e-02
9.534239305774017126e-02
-6.070352841647397302e-02
4.388090952926726462e-02
4.469294602665868643e-02
-2.213235617494857532e-02
-4.848450311296104154e-03
2.232345629860632563e-03
-6.378233118303255900e-02
9.534239305774017126e-02
9.534239305774017126e-02
9.534239305774017126e-02
9.534239305774017126e-02
9.534239305774017126e-02
9.534239305774017126e-02
6.989661223517079636e-02
7.779306562541982162e-02
9.534239305774017126e-02
6.989661223517079636e-02
7.779306562541982162e-02
9.534239305774017126e-02
6.305897014208589058e-02
9.534239305774017126e-02
9.534239305774017126e-02
8.064497490309835426e-02
6.354319895621968195e-02
-1.301012066554974034e-02
4.388090952926726462e-02
7.779306562541982162e-02
2.240602609472208684e-02
5.083911236770477515e-02
9.471974132678695479e-03
-1.866319136299610104e-02
9.534239305774017126e-02
8.064497490309835426e-02
7.779306562541982162e-02
6.989661223517079636e-02
5.982548657702874140e-02
6.354319895621968195e-02
6.989661223517079636e-02
4.412017491910352751e-02
6.697214121969902179e-02
6.989661223517079636e-02
6.354319895621968195e-02
7.779306562541982162e-02
9.534239305774017126e-02
9.534239305774017126e-02
9.534239305774017126e-02
9.534239305774017126e-02
6.989661223517079636e-02
2.168318145557174281e-02
7.085485231282923069e-02
6.989661223517079636e-02
1.717541673758038456e-03
5.083911236770477515e-02
-7.341667191780421042e-02
-5.752917965852089033e-02
5.391661527791236086e-02
8.030106086625499184e-02
2.450311702717516971e-02
8.030106086625499184e-02
3.487089557899958336e-02
5.863714469531233764e-02
6.326575372740672609e-03
8.030106086625499184e-02
2.596880616231461714e-02
-2.971830762933058701e-03
4.347397770300548414e-02
8.030106086625499184e-02
4.732883209579619166e-02
8.030106086625499184e-02
4.732883209579619166e-02
8.030106086625499184e-02
4.732883209579619166e-02
-2.540949022753635766e-02
8.030106086625499184e-02
5.043271586619973990e-02
-2.642983736098492020e-02
1.397334192075272430e-02
2.772505834570598848e-02
-2.376484456271699131e-02
6.210435949643977604e-02
8.030106086625499184e-02
8.030106086625499184e-02
2.345491814919770102e-02
6.506147233508613459e-02
4.347397770300548414e-02
6.210435949643977604e-02
8.030106086625499184e-02
8.030106086625499184e-02
-1.337604228564026609e-02
3.621298965258928915e-02
8.030106086625499184e-02
5.863714469531233764e-02
5.863714469531233764e-02
8.030106086625499184e-02
8.030106086625499184e-02
6.506147233508613459e-02
-1.280023001484931200e-02
1.995780752362652510e-02
4.732883209579619166e-02
-1.677750057707616538e-02
3.415610677518166050e-02
-1.940429138591825975e-03
-3.314832166521575196e-02
8.030106086625499184e-02
8.030106086625499184e-02
5.391661527791236086e-02
2.667120206452278097e-02
5.391661527791236086e-02
1.615958996883504195e-02
3.032406916410729236e-02
8.030106086625499184e-02
6.210435949643977604e-02
6.210435949643977604e-02
4.241988738690388727e-02
8.030106086625499184e-02
5.863714469531233764e-02
6.506147233508613459e-02
6.506147233508613459e-02
8.030106086625499184e-02
8.030106086625499184e-02
-1.835681689295576291e-02
1.931813133209780986e-03
-7.752950033911898409e-02
-1.004096697250569381e-01
-2.751172133006740683e-02
1.059034837715605581e-02
-3.314832166521575196e-02
8.030106086625499184e-02
5.391661527791236086e-02
6.210435949643977604e-02
5.391661527791236086e-02
3.473545569078045903e-02
8.030106086625499184e-02
4.241988738690388727e-02
3.095049085639178799e-02
5.391661527791236086e-02
8.030106086625499184e-02
8.030106086625499184e-02
6.210435949643977604e-02
3.487089557899958336e-02
3.879790502578195355e-02
8.030106086625499184e-02
4.732883209579619166e-02
6.210435949643977604e-02
2.452205911095362012e-02
2.694122406187265950e-02
2.063142989387145576e-03
-2.642983736098492020e-02
-4.086654960984104079e-02
-1.234707722939731855e-02
-8.110568443921073456e-02
8.030106086625499184e-02
3.032406916410729236e-02
8.030106086625499184e-02
8.030106086625499184e-02
8.030106086625499184e-02
8.030106086625499184e-02
5.391661527791236086e-02
6.210435949643977604e-02
8.030106086625499184e-02
5.391661527791236086e-02
8.030106086625499184e-02
8.030106086625499184e-02
4.732883209579619166e-02
5.163666246471010357e-02
4.732883209579619166e-02
8.030106086625499184e-02
5.043271586619973990e-02
2.452205911095362012e-02
1.587144748794344640e-02
7.307433423194564792e-03
-2.642983736098492020e-02
1.397334192075272430e-02
-1.940429138591825975e-03
-3.314832166521575196e-02
8.030106086625499184e-02
5.043271586619973990e-02
3.849207010597249790e-02
5.391661527791236086e-02
-2.573254325886065175e-04
3.186810357725383680e-02
5.391661527791236086e-02
5.863714469531233764e-02
4.732883209579619166e-02
3.487089557899958336e-02
3.473545569078045903e-02
8.030106086625499184e-02
6.210435949643977604e-02
6.210435949643977604e-02
8.030106086625499184e-02
6.506147233508613459e-02
6.210435949643977604e-02
-5.343313761698498254e-03
2.694122406187265950e-02
3.473545569078045903e-02
-3.419601815950923385e-02
3.415610677518166050e-02
2.772505834570598848e-02
-1.102114299831791211e-02
5.043271586619973990e-02
8.030106086625499184e-02
8.030106086625499184e-02
-7.055273190347843837e-02
-2.409745283350495093e-02
6.210435949643977604e-02
3.487089557899958336e-02
3.032406916410729236e-02
6.210435949643977604e-02
8.030106086625499184e-02
8.030106086625499184e-02
8.030106086625499184e-02
3.879790502578195355e-02
8.030106086625499184e-02
6.210435949643977604e-02
4.241988738690388727e-02
6.506147233508613459e-02
0.000000000000000000e+00
3.562068827706038610e-02
5.391661527791236086e-02
-2.642983736098492020e-02
1.397334192075272430e-02
-1.105882119882702908e-01
-7.137149167487788493e-02
9.534239305774017126e-02
6.305897014208589058e-02
2.473001301332428126e-02
6.354319895621968195e-02
5.880889704662123352e-02
9.534239305774017126e-02
6.305897014208589058e-02
9.534239305774017126e-02
6.989661223517079636e-02
7.779306562541982162e-02
7.444920199944926598e-02
5.880889704662123352e-02
9.040502486861223819e-03
7.779306562541982162e-02
4.714340503026037688e-02
6.989661223517079636e-02
7.779306562541982162e-02
4.154780986611089633e-02
5.527477170403294338e-02
7.779306562541982162e-02
-7.591399285664102159e-03
3.137437852822749784e-02
9.471974132678695479e-03
-1.487628316513833759e-03
5.152847152727008107e-02
6.260520256311885579e-02
6.989661223517079636e-02
7.444920199944926598e-02
6.989661223517079636e-02
5.880889704662123352e-02
6.354319895621968195e-02
6.305897014208589058e-02
6.012850661195806579e-02
6.354319895621968195e-02
8.064497490309835426e-02
9.534239305774017126e-02
2.176366044195571225e-02
7.082373319847196091e-02
9.534239305774017126e-02
4.622635305377342796e-02
9.534239305774017126e-02
4.154780986611089633e-02
7.085485231282923069e-02
9.534239305774017126e-02
2.240602609472208684e-02
2.576720322671732788e-02
-1.145827377882568943e-02
-1.866319136299610104e-02
6.989661223517079636e-02
6.260520256311885579e-02
6.989661223517079636e-02
4.714340503026037688e-02
-2.906996684974105793e-02
2.959929425815316373e-02
9.534239305774017126e-02
9.534239305774017126e-02
9.534239305774017126e-02
6.989661223517079636e-02
7.779306562541982162e-02
9.534239305774017126e-02
8.064497490309835426e-02
5.139785010872566229e-02
6.989661223517079636e-02
6.354319895621968195e-02
4.051156093033020378e-02
4.154780986611089633e-02
2.440965887478235841e-02
4.425420263390689168e-02
1.717541673758038456e-03
5.083911236770477515e-02
2.232345629860632563e-03
2.866277348614110210e-03
9.534239305774017126e-02
5.880889704662123352e-02
7.082373319847196091e-02
6.989661223517079636e-02
5.982548657702874140e-02
7.779306562541982162e-02
9.534239305774017126e-02
6.989661223517079636e-02
7.779306562541982162e-02
9.534239305774017126e-02
5.982548657702874140e-02
7.779306562541982162e-02
9.534239305774017126e-02
5.880889704662123352e-02
7.082373319847196091e-02
5.152847152727008107e-02
5.845631843109677650e-02
4.154780986611089633e-02
7.085485231282923069e-02
3.982661039258622582e-02
2.240602609472208684e-02
2.168709738111462837e-02
2.678745721681807801e-03
-1.866319136299610104e-02
5.982548657702874140e-02
6.354319895621968195e-02
6.354319895621968195e-02
6.354319895621968195e-02
5.982548657702874140e-02
5.982548657702874140e-02
9.534239305774017126e-02
6.989661223517079636e-02
7.779306562541982162e-02
6.305897014208589058e-02
5.982548657702874140e-02
7.779306562541982162e-02
9.534239305774017126e-02
6.989661223517079636e-02
6.354319895621968195e-02
6.354319895621968195e-02
4.294308680120384469e-02
4.491567859764455939e-03
7.085485231282923069e-02
5.292863783951756718e-02
-1.618706860626129007e-02
5.083911236770477515e-02
3.846709723128938219e-02
-3.587533079192750662e-02
7.779306562541982162e-02
6.989661223517079636e-02
6.354319895621968195e-02
6.354319895621968195e-02
5.982548657702874140e-02
4.294308680120384469e-02
7.779306562541982162e-02
8.064497490309835426e-02
6.260520256311885579e-02
9.534239305774017126e-02
9.534239305774017126e-02
5.152847152727008107e-02
7.779306562541982162e-02
6.989661223517079636e-02
7.779306562541982162e-02
6.989661223517079636e-02
5.152847152727008107e-02
-1.643220866232830701e-02
1.273112096055578624e-02
6.989661223517079636e-02
2.240602609472208684e-02
5.083911236770477515e-02
3.846709723128938219e-02
-3.587533079192750662e-02
7.779306562541982162e-02
5.880889704662123352e-02
4.364608536260600191e-02
5.880889704662123352e-02
6.260520256311885579e-02
4.294308680120384469e-02
9.534239305774017126e-02
9.534239305774017126e-02
6.478951008646949283e-02
8.064497490309835426e-02
6.354319895621968195e-02
8.064497490309835426e-02
5.152847152727008107e-02
7.779306562541982162e-02
6.989661223517079636e-02
6.354319895621968195e-02
6.354319895621968195e-02
-1.301012066554974034e-02
1.071430813827889406e-02
5.563880269041759918e-02
2.240602609472208684e-02
5.083911236770477515e-02
-9.200258712080577883e-02
-4.351914661969569220e-02
5.483379922493142322e-02
5.866407125716699422e-02
7.398782401208875426e-02
1.572517691918184912e-02
3.044153680026667752e-02
3.882603352017199860e-02
7.398782401208875426e-02
9.169416976230526650e-02
6.602071903513562212e-02
6.307008203003500180e-02
7.398782401208875426e-02
9.169416976230526650e-02
9.169416976230526650e-02
9.169416976230526650e-02
7.686525005098238106e-02
9.169416976230526650e-02
7.061404198361259654e-02
8.357696964047478527e-03
4.821782153662590442e-02
5.836391115235578519e-02
1.810522248256785094e-02
4.679270684552860882e-02
2.943912979018936671e-02
-1.251482388805824630e-02
6.602071903513562212e-02
7.061404198361259654e-02
3.064542609430220832e-02
5.483379922493142322e-02
5.483379922493142322e-02
4.306393306996564307e-02
5.585948444169336335e-02
5.961046014373544422e-02
1.796918416624548875e-03
9.169416976230526650e-02
5.961046014373544422e-02
7.686525005098238106e-02
6.695613518665449737e-02
7.686525005098238106e-02
7.398782401208875426e-02
9.169416976230526650e-02
1.469188128459197884e-03
9.416523539071519622e-03
3.977224718787758517e-02
2.368086070569852541e-02
-1.971749916704235162e-02
2.341180646077961613e-02
2.943912979018936671e-02
-2.631279356033355832e-02
9.169416976230526650e-02
9.169416976230526650e-02
2.311264707678573060e-02
5.483379922493142322e-02
6.602071903513562212e-02
5.130942023536383401e-02
2.896712552081792680e-04
4.213867599505960460e-02
5.560559214700167008e-03
3.109814379406455886e-02
6.602071903513562212e-02
7.398782401208875426e-02
7.398782401208875426e-02
9.169416976230526650e-02
9.169416976230526650e-02
9.169416976230526650e-02
6.602071903513562212e-02
1.737591036768237895e-02
6.698753273168162048e-02
1.962599046018270732e-02
-1.971749916704235162e-02
2.715381705747965668e-02
-1.683422344315954611e-03
-1.487628316513833759e-03
5.627300648805905192e-02
9.169416976230526650e-02
9.169416976230526650e-02
9.169416976230526650e-02
9.169416976230526650e-02
5.585948444169336335e-02
7.398782401208875426e-02
9.169416976230526650e-02
6.602071903513562212e-02
9.169416976230526650e-02
9.169416976230526650e-02
9.169416976230526650e-02
6.602071903513562212e-02
7.398782401208875426e-02
9.169416976230526650e-02
9.169416976230526650e-02
9.169416976230526650e-02
8.357696964047478527e-03
4.821782153662590442e-02
1.759433734833593110e-02
-2.768367096193879995e-03
-4.367469688217995305e-03
2.292069160940785055e-02
-1.251482388805824630e-02
9.169416976230526650e-02
2.838907350406777441e-02
7.398782401208875426e-02
7.061404198361259654e-02
9.169416976230526650e-02
5.483379922493142322e-02
6.695613518665449737e-02
9.169416976230526650e-02
7.061404198361259654e-02
5.585948444169336335e-02
9.169416976230526650e-02
9.169416976230526650e-02
9.169416976230526650e-02
9.169416976230526650e-02
6.307008203003500180e-02
6.695613518665449737e-02
9.169416976230526650e-02
8.357696964047478527e-03
4.821782153662590442e-02
5.836391115235578519e-02
6.237619758577839235e-04
-2.511583136211203993e-02
2.943912979018936671e-02
-5.244767587527965347e-02
7.398782401208875426e-02
9.169416976230526650e-02
9.169416976230526650e-02
3.882603352017199860e-02
4.306393306996564307e-02
7.686525005098238106e-02
3.325504247064386965e-02
5.447806599841981123e-02
9.169416976230526650e-02
6.602071903513562212e-02
5.585948444169336335e-02
7.398782401208875426e-02
9.169416976230526650e-02
6.602071903513562212e-02
5.961046014373544422e-02
2.693086798949922978e-02
9.169416976230526650e-02
3.741827268572783805e-02
3.977224718787758517e-02
3.922304215118282977e-02
1.810522248256785094e-02
4.679270684552860882e-02
2.943912979018936671e-02
-1.251482388805824630e-02
9.169416976230526650e-02
9.169416976230526650e-02
6.602071903513562212e-02
7.398782401208875426e-02
-4.809806102028857389e-03
-2.432099693089939674e-02
4.507522763934518339e-02
