2.226547263402522958e+00
-8.724124531495434098e-01
-1.001370571926439723e+01
3.011533897238464874e+00
9.785127354898079943e-01
-7.290049636358297391e+00
3.565734616657323386e-04
3.565734616657323386e-04
3.565734616657323386e-04
2.192275306284798830e-01
2.495491683312067721e-01
3.565734616657323386e-04
3.565734616657323386e-04
3.565734616657323386e-04
2.199263601234946464e-01
-1.100084898934625244e+00
3.565734616657323386e-04
3.565734616657323386e-04
3.565734616657323386e-04
3.872126324964142441e-04
-2.397759780548682329e+00
2.495491683312067721e-01
3.872126324964142441e-04
-5.898959024366579484e+00
1.301939926334945596e+00
-5.556543927045069609e+00
-1.001369649800059136e+01
3.011533897238464874e+00
9.785127354898079943e-01
-1.109934212083331317e+00
2.495491683312067721e-01
3.565734616657323386e-04
3.565734616657323386e-04
3.565734616657323386e-04
3.565734616657323386e-04
3.565734616657323386e-04
3.565734616657323386e-04
3.565734616657323386e-04
3.565734616657323386e-04
3.565734616657323386e-04
3.565734616657323386e-04
3.565734616657323386e-04
3.565734616657323386e-04
3.565734616657323386e-04
3.565734616657323386e-04
3.565734616657323386e-04
3.565734616657323386e-04
-5.958581488415308769e+00
2.226521767836970866e+00
7.270495811385728757e-01
-1.001369649800059136e+01
-1.661249120511622124e+01
-1.061931688556562392e+00
-1.109934212083331317e+00
3.872126324964142441e-04
3.565734616657323386e-04
3.565734616657323386e-04
2.495491683312067721e-01
3.872126324964142441e-04
3.872126324964142441e-04
3.565734616657323386e-04
3.872126324964142441e-04
3.565734616657323386e-04
3.565734616657323386e-04
3.565734616657323386e-04
3.565734616657323386e-04
3.565734616657323386e-04
3.565734616657323386e-04
3.565734616657323386e-04
2.199355301909946547e-01
3.872126324964142441e-04
-5.958581488415308769e+00
1.177914359642123543e+00
9.066019944304883893e-01
-1.001369649800059136e+01
3.011533897238464874e+00
9.785127354898079943e-01
-1.109934212083331317e+00
3.565734616657323386e-04
3.565734616657323386e-04
2.495491683312067721e-01
3.995340593192509004e-04
3.565734616657323386e-04
3.565734616657323386e-04
2.495491683312067721e-01
3.872126324964142441e-04
3.565734616657323386e-04
3.565734616657323386e-04
2.495609794395079462e-01
3.565734616657323386e-04
3.565734616657323386e-04
3.565734616657323386e-04
3.565734616657323386e-04
2.495491683312067721e-01
3.872126324964142441e-04
-5.958581488415308769e+00
1.687676184216705622e+00
3.565734616657323386e-04
-1.001369649800059136e+01
3.011533897238464874e+00
9.785127354898079943e-01
-1.109934212083331317e+00
3.565734616657323386e-04
3.565734616657323386e-04
3.565734616657323386e-04
3.565734616657323386e-04
3.565734616657323386e-04
3.565734616657323386e-04
2.495491683312067721e-01
3.565734616657323386e-04
3.565734616657323386e-04
3.565734616657323386e-04
3.565734616657323386e-04
3.565734616657323386e-04
3.565734616657323386e-04
3.565734616657323386e-04
3.565734616657323386e-04
3.565734616657323386e-04
3.565734616657323386e-04
-5.898959024366579484e+00
1.686857163872566900e+00
3.565734616657323386e-04
-1.001369649800059136e+01
3.011533897238464874e+00
-1.247392979591202433e+01
5.606827729277469530e+00
2.759816064960325832e+00
3.237579646105452014e+00
2.760161038171027315e+00
2.759816064960325832e+00
3.344680003582517713e+00
2.759816064960325832e+00
2.759816064960325832e+00
2.759816064960325832e+00
2.759816064960325832e+00
2.759816064960325832e+00
2.759816064960325832e+00
2.759816064960325832e+00
2.759816064960325832e+00
2.759816064960325832e+00
2.759816064960325832e+00
3.053647471146383907e+00
2.759816064960325832e+00
-4.716822515788976489e-04
2.759816064960325832e+00
2.759816064960325832e+00
6.152368901268800983e-05
7.016283577156556817e+00
6.005385465142325074e+00
5.606827729277469530e+00
2.759816064960325832e+00
2.759816064960325832e+00
2.759816064960325832e+00
3.535108499054771869e+00
2.760297273106921523e+00
2.759816064960325832e+00
2.759816064960325832e+00
2.759816064960325832e+00
2.759816064960325832e+00
2.759816064960325832e+00
2.759816064960325832e+00
2.759816064960325832e+00
2.759816064960325832e+00
2.759816064960325832e+00
2.759816064960325832e+00
2.759816064960325832e+00
2.759816064960325832e+00
-4.716822515788976489e-04
4.876218706888110432e+00
2.759816064960325832e+00
6.152368901268800983e-05
7.016283577156556817e+00
6.005385465142325074e+00
5.606827729277469530e+00
3.237579646105452014e+00
2.760161038171027315e+00
2.759816064960325832e+00
2.759816064960325832e+00
2.759816064960325832e+00
2.759816064960325832e+00
2.759816064960325832e+00
3.237579646105452014e+00
2.760161038171027315e+00
3.237579646105452014e+00
2.759816064960325832e+00
2.759816064960325832e+00
2.759816064960325832e+00
3.237579646105452014e+00
2.760161038171027315e+00
2.759816064960325832e+00
2.760297273106921523e+00
-4.716822515788976489e-04
5.643967053952927415e+00
3.237579646105452014e+00
6.146214589364262793e-05
7.016283577156556817e+00
6.005385465142325074e+00
5.606827729277469530e+00
2.759816064960325832e+00
3.344680003582517713e+00
2.759816064960325832e+00
2.759816064960325832e+00
2.759816064960325832e+00
2.759816064960325832e+00
2.759816064960325832e+00
2.759816064960325832e+00
2.759816064960325832e+00
2.759816064960325832e+00
2.759816064960325832e+00
2.759816064960325832e+00
2.759816064960325832e+00
3.344680003582517713e+00
2.759816064960325832e+00
2.759816064960325832e+00
2.759816064960325832e+00
-4.716822515788976489e-04
5.643967053952927415e+00
6.704887082920208741e+00
6.152368901268800983e-05
-1.020154726890332597e+01
7.521552732359296556e+00
5.606827729277469530e+00
2.759816064960325832e+00
3.053647471146383907e+00
2.759816064960325832e+00
2.759816064960325832e+00
2.759816064960325832e+00
2.759816064960325832e+00
2.759816064960325832e+00
3.344680003582517713e+00
2.759816064960325832e+00
2.759816064960325832e+00
2.759816064960325832e+00
3.237579646105452014e+00
2.759816064960325832e+00
2.759816064960325832e+00
3.237744770171595121e+00
3.237579646105452014e+00
2.759816064960325832e+00
-4.716822515788976489e-04
5.643967053952927415e+00
2.760161038171027315e+00
6.152368901268800983e-05
7.016283577156556817e+00
6.005385465142325074e+00
5.606827729277469530e+00
2.759816064960325832e+00
2.759816064960325832e+00
2.759816064960325832e+00
3.237579646105452014e+00
2.760297273106921523e+00
2.759816064960325832e+00
2.759816064960325832e+00
2.759816064960325832e+00
2.759816064960325832e+00
2.759816064960325832e+00
2.759816064960325832e+00
3.237579646105452014e+00
2.760297273106921523e+00
3.344680003582517713e+00
2.759816064960325832e+00
2.759816064960325832e+00
2.759816064960325832e+00
1.519413025223315117e-01
5.644429360462645207e+00
2.759816064960325832e+00
6.152368901268800983e-05
7.016283577156556817e+00
6.005385465142325074e+00
5.606827729277469530e+00
3.237579646105452014e+00
2.759816064960325832e+00
2.759816064960325832e+00
2.759816064960325832e+00
2.759816064960325832e+00
2.759816064960325832e+00
2.759816064960325832e+00
2.759816064960325832e+00
2.759816064960325832e+00
2.759816064960325832e+00
2.759816064960325832e+00
2.760297273106921523e+00
2.759816064960325832e+00
2.759816064960325832e+00
2.759816064960325832e+00
2.759816064960325832e+00
2.759816064960325832e+00
-4.716822515788976489e-04
5.064787369063495248e+00
3.344680003582517713e+00
6.152368901268800983e-05
7.016864326550113162e+00
-1.602686456820705985e+00
3.359671268925481513e+00
2.596444710890104091e+00
2.935844841257853943e+00
2.596546220692040663e+00
2.596444710890104091e+00
2.596444710890104091e+00
2.596444710890104091e+00
2.596444710890104091e+00
2.596507508498234529e+00
2.596444710890104091e+00
9.065540335959383356e-01
2.596444710890104091e+00
2.596444710890104091e+00
2.596444710890104091e+00
2.596444710890104091e+00
2.596444710890104091e+00
2.596444710890104091e+00
2.596444710890104091e+00
-1.483091935599567535e+00
4.145109063816938999e+00
2.596444710890104091e+00
-3.945511804674190159e+00
6.443972139748844086e+00
5.115724512307053828e+00
3.359671268925481513e+00
2.596444710890104091e+00
2.596444710890104091e+00
9.065540335959383356e-01
2.596444710890104091e+00
2.596444710890104091e+00
2.596444710890104091e+00
2.596444710890104091e+00
2.596444710890104091e+00
2.596444710890104091e+00
2.596444710890104091e+00
2.596444710890104091e+00
2.596444710890104091e+00
2.596444710890104091e+00
2.596444710890104091e+00
9.065540335959383356e-01
2.596444710890104091e+00
1.629068375547930714e+00
-1.483091935599567535e+00
5.320142611968705637e+00
2.596444710890104091e+00
-3.945511804674190159e+00
5.845532671156924209e+00
4.801373664487776693e+00
3.359671268925481513e+00
2.596444710890104091e+00
2.596444710890104091e+00
2.596444710890104091e+00
2.596444710890104091e+00
2.596444710890104091e+00
2.596444710890104091e+00
2.596444710890104091e+00
2.596444710890104091e+00
2.596444710890104091e+00
2.596444710890104091e+00
2.596444710890104091e+00
2.596444710890104091e+00
2.596507508498234529e+00
2.596444710890104091e+00
2.596444710890104091e+00
2.596546220692040663e+00
2.596546220692040663e+00
-1.483069591019727795e+00
4.677073033090437093e+00
2.596444710890104091e+00
-3.945511804674190159e+00
6.443972139748844086e+00
5.115724512307053828e+00
3.359671268925481513e+00
2.596444710890104091e+00
2.596444710890104091e+00
9.065540335959383356e-01
2.596444710890104091e+00
2.596444710890104091e+00
2.596444710890104091e+00
2.596444710890104091e+00
2.596444710890104091e+00
2.596444710890104091e+00
2.935844841257853943e+00
2.596444710890104091e+00
2.596444710890104091e+00
2.596444710890104091e+00
2.596444710890104091e+00
2.596444710890104091e+00
2.596444710890104091e+00
2.596560847402983541e+00
-1.483091935599567535e+00
5.320142611968705637e+00
5.738051264669614682e+00
-3.945511804674190159e+00
-1.526251921887381613e+01
5.908506748652072815e+00
3.359671268925481513e+00
2.596444710890104091e+00
2.596444710890104091e+00
2.184995937136015698e+00
2.596444710890104091e+00
2.596444710890104091e+00
2.596444710890104091e+00
2.596444710890104091e+00
2.596444710890104091e+00
2.596444710890104091e+00
2.184995937136015698e+00
2.935903082185433277e+00
2.596444710890104091e+00
2.596444710890104091e+00
2.596444710890104091e+00
2.596444710890104091e+00
2.596444710890104091e+00
2.596444710890104091e+00
-1.483091935599567535e+00
5.657431652522660670e+00
2.421287660345278425e+00
-3.945555933949286498e+00
6.443972139748844086e+00
4.801373664487776693e+00
3.359671268925481513e+00
2.596444710890104091e+00
2.596444710890104091e+00
2.596444710890104091e+00
2.596444710890104091e+00
2.596444710890104091e+00
2.596444710890104091e+00
2.596444710890104091e+00
2.596444710890104091e+00
-1.576816462735820323e+00
2.596444710890104091e+00
2.596444710890104091e+00
2.935903082185433277e+00
2.596444710890104091e+00
2.935903082185433277e+00
2.596444710890104091e+00
2.596444710890104091e+00
2.596444710890104091e+00
-1.483091935599567535e+00
5.320142611968705637e+00
2.596444710890104091e+00
-3.945511804674190159e+00
6.453876519684200730e+00
4.801454761365413049e+00
1.513174556015925987e+00
2.596444710890104091e+00
2.596444710890104091e+00
2.596444710890104091e+00
2.184995937136015698e+00
2.596444710890104091e+00
2.596444710890104091e+00
2.596444710890104091e+00
2.596546220692040663e+00
2.935844841257853943e+00
2.596444710890104091e+00
2.596444710890104091e+00
2.935895769692464796e+00
2.596546220692040663e+00
2.596444710890104091e+00
2.596444710890104091e+00
2.596444710890104091e+00
2.530025226658310089e+00
-1.483089844052408068e+00
5.320142611968705637e+00
2.596444710890104091e+00
-3.945511804674190159e+00
6.149482328958853827e+00
-1.679652560206772094e+01
5.190787316312459154e+00
3.302748314782775196e+00
3.302748314782775196e+00
3.302748314782775196e+00
3.302748314782775196e+00
3.302748314782775196e+00
3.302748314782775196e+00
3.302748314782775196e+00
3.302748314782775196e+00
3.302748314782775196e+00
3.302748314782775196e+00
3.302748314782775196e+00
3.302748314782775196e+00
3.302748314782775196e+00
3.302748314782775196e+00
3.302748314782775196e+00
3.302748314782775196e+00
3.302748314782775196e+00
8.051865467397547604e-01
6.316687755262137216e+00
3.302748314782775196e+00
4.661658386955735978e-02
7.687658849961110263e+00
6.181814562228659327e+00
5.190787316312459154e+00
3.302748314782775196e+00
2.888626948054593413e+00
3.302748314782775196e+00
3.302748314782775196e+00
3.302748314782775196e+00
3.302748314782775196e+00
3.302748314782775196e+00
3.302748314782775196e+00
3.724226489603957191e+00
3.302932435559107205e+00
3.302748314782775196e+00
3.302748314782775196e+00
3.302748314782775196e+00
2.888626948054593413e+00
3.302748314782775196e+00
3.302748314782775196e+00
3.302748314782775196e+00
8.051865467397547604e-01
4.271711947882202765e+00
3.302748314782775196e+00
4.661658386955735978e-02
7.687658849961110263e+00
6.181814562228659327e+00
4.978161874547176069e+00
3.302748314782775196e+00
3.724226489603957191e+00
3.302932435559107205e+00
3.302748314782775196e+00
3.302748314782775196e+00
3.302987740822651119e+00
3.302748314782775196e+00
3.302748314782775196e+00
3.724309878905160076e+00
2.615034125747797589e+00
3.302748314782775196e+00
3.302748314782775196e+00
3.302748314782775196e+00
3.302748314782775196e+00
3.302748314782775196e+00
3.302748314782775196e+00
3.302748314782775196e+00
8.051865467397547604e-01
6.316687755262137216e+00
3.302748314782775196e+00
-2.730649731138427683e+00
7.687658849961110263e+00
6.181814562228659327e+00
5.190787316312459154e+00
3.302748314782775196e+00
3.302748314782775196e+00
3.302748314782775196e+00
3.302748314782775196e+00
3.302748314782775196e+00
3.724226489603957191e+00
3.302932435559107205e+00
3.302748314782775196e+00
3.302748314782775196e+00
3.302748314782775196e+00
3.302748314782775196e+00
3.302748314782775196e+00
3.302748314782775196e+00
3.302748314782775196e+00
3.302748314782775196e+00
3.302748314782775196e+00
3.302748314782775196e+00
8.051865467397547604e-01
4.989090040083056010e+00
7.583341798436990189e+00
4.661658386955735978e-02
-9.532492284371638647e+00
7.679523380368038943e+00
4.909502611266553629e+00
3.302748314782775196e+00
3.302748314782775196e+00
3.302748314782775196e+00
2.888626948054593413e+00
3.302748314782775196e+00
3.724226489603957191e+00
3.302932435559107205e+00
3.302748314782775196e+00
3.302748314782775196e+00
3.302748314782775196e+00
3.302748314782775196e+00
3.302748314782775196e+00
3.302748314782775196e+00
3.302748314782775196e+00
3.302748314782775196e+00
3.302748314782775196e+00
3.302748314782775196e+00
8.051865467397547604e-01
6.316687755262137216e+00
3.302748314782775196e+00
4.661658386955735978e-02
7.687658849961110263e+00
6.181814562228659327e+00
5.190787316312459154e+00
3.302748314782775196e+00
3.302748314782775196e+00
3.302748314782775196e+00
3.302748314782775196e+00
3.302748314782775196e+00
3.302748314782775196e+00
3.302748314782775196e+00
3.302748314782775196e+00
3.302748314782775196e+00
3.302748314782775196e+00
3.302748314782775196e+00
3.302748314782775196e+00
3.302748314782775196e+00
3.302748314782775196e+00
2.888626948054593413e+00
3.302748314782775196e+00
3.302748314782775196e+00
8.051865467397547604e-01
6.316687755262137216e+00
3.302748314782775196e+00
4.661658386955735978e-02
7.687658849961110263e+00
6.181814562228659327e+00
1.513174556015925987e+00
3.302748314782775196e+00
3.302748314782775196e+00
3.302748314782775196e+00
3.302748314782775196e+00
3.302748314782775196e+00
3.302748314782775196e+00
3.302748314782775196e+00
3.302748314782775196e+00
3.302748314782775196e+00
3.302748314782775196e+00
3.302748314782775196e+00
3.724226489603957191e+00
1.629068375547930714e+00
3.724226489603957191e+00
1.670611787772813273e+00
3.302748314782775196e+00
3.302748314782775196e+00
8.052323138933772384e-01
5.592822817117834688e+00
3.302748314782775196e+00
-2.730649731138427683e+00
7.687658849961110263e+00
-1.158674995543500685e+01
3.929663685617732938e+00
-1.883524102055389449e-04
9.694663887970307314e-01
-1.883524102055389449e-04
3.272904126063735930e-04
-1.883524102055389449e-04
-1.883524102055389449e-04
-1.883524102055389449e-04
-1.883524102055389449e-04
-1.883524102055389449e-04
9.694663887970307314e-01
-1.883524102055389449e-04
9.694663887970307314e-01
-1.883524102055389449e-04
-1.883524102055389449e-04
-1.883524102055389449e-04
4.321098287885831724e-01
-1.883524102055389449e-04
-3.762130183312940801e+00
-1.883524102055389449e-04
9.694663887970307314e-01
-4.644833146895003040e+00
3.624890430784013517e+00
3.568936119050135858e+00
3.929663685617732938e+00
-1.883524102055389449e-04
-1.883524102055389449e-04
-1.883524102055389449e-04
-1.883524102055389449e-04
1.606939377849826656e+00
-1.883524102055389449e-04
-1.883524102055389449e-04
-1.883524102055389449e-04
-1.883524102055389449e-04
-1.883524102055389449e-04
-1.883524102055389449e-04
-1.883524102055389449e-04
9.694663887970307314e-01
3.272904126063735930e-04
-1.883524102055389449e-04
-1.883524102055389449e-04
-1.883524102055389449e-04
-3.761833736992649335e+00
1.412358026243147435e+00
4.321098287885831724e-01
-4.644833146895003040e+00
3.624890430784013517e+00
3.568936119050135858e+00
3.929663685617732938e+00
-1.883524102055389449e-04
-1.883524102055389449e-04
-1.883524102055389449e-04
-1.883524102055389449e-04
-1.343336083957126448e+01
2.942010073050681740e+00
4.541437489606892086e-04
-1.883524102055389449e-04
-1.883524102055389449e-04
-1.883524102055389449e-04
6.042048013910061854e-06
2.331212983937739125e+00
-1.883524102055389449e-04
3.272904126063735930e-04
-1.883524102055389449e-04
-1.883524102055389449e-04
-1.883524102055389449e-04
-3.761833736992649335e+00
1.412358026243147435e+00
-1.883524102055389449e-04
-4.644821595089510424e+00
6.460345067144579900e+00
3.569290996599022492e+00
3.929663685617732938e+00
-1.883524102055389449e-04
-1.883524102055389449e-04
-1.883524102055389449e-04
-1.883524102055389449e-04
-1.883524102055389449e-04
-1.883524102055389449e-04
-1.883524102055389449e-04
-1.883524102055389449e-04
2.330857296265072875e+00
-1.883524102055389449e-04
-1.883524102055389449e-04
6.042048013910061854e-06
2.331212983937739125e+00
-1.883524102055389449e-04
-1.883524102055389449e-04
-1.883524102055389449e-04
-1.883524102055389449e-04
-3.761833736992649335e+00
2.479595551188822355e+00
2.836130520029421120e+00
-4.644833146895003040e+00
-1.374755285185183240e+01
5.737321909516552410e+00
3.929663685617732938e+00
-1.883524102055389449e-04
-1.883524102055389449e-04
-1.883524102055389449e-04
-1.883524102055389449e-04
-1.883524102055389449e-04
-1.883524102055389449e-04
-1.883524102055389449e-04
9.694663887970307314e-01
9.694663887970307314e-01
-1.883524102055389449e-04
-1.883524102055389449e-04
-1.883524102055389449e-04
-1.883524102055389449e-04
-1.883524102055389449e-04
-1.883524102055389449e-04
-1.883524102055389449e-04
-1.883524102055389449e-04
-3.761833736992649335e+00
5.133566716779938588e+00
-3.184159915037490407e+00
-3.202736334526008477e+00
3.624890430784013517e+00
4.448637152011279738e+00
3.929663685617732938e+00
-1.883524102055389449e-04
-1.883524102055389449e-04
-1.883524102055389449e-04
-1.883524102055389449e-04
-1.883524102055389449e-04
-1.883524102055389449e-04
-1.883524102055389449e-04
-1.883524102055389449e-04
9.694663887970307314e-01
6.122543569201397418e-01
4.322861265770754358e-01
4.322861265770754358e-01
5.405939979507294879e-01
6.124113060888234372e-01
1.779230906677753410e-04
9.699815017135478001e-01
-1.883524102055389449e-04
-2.565593046497468777e+00
2.479595551188822355e+00
-1.883524102055389449e-04
-3.202736334526008477e+00
3.624890430784013517e+00
3.568936119050135858e+00
5.768785633874472296e+00
6.042048013910061854e-06
1.779230906677753410e-04
-1.883524102055389449e-04
4.321098287885831724e-01
4.321098287885831724e-01
2.941600168348706745e+00
6.042048013910061854e-06
4.324396519314959164e-01
5.407990247400178419e-01
4.321098287885831724e-01
6.042048013910061854e-06
-1.883524102055389449e-04
-1.883524102055389449e-04
1.779230906677753410e-04
6.042048013910061854e-06
-1.883524102055389449e-04
-1.883524102055389449e-04
-3.761833736992649335e+00
2.479595551188822355e+00
-6.845500359303287041e-01
-4.657318977251208025e+00
3.624890430784013517e+00
-1.116767344643185567e+01
5.606827729277469530e+00
2.759816064960325832e+00
2.759816064960325832e+00
2.759816064960325832e+00
2.760000635360484011e+00
2.759816064960325832e+00
2.759816064960325832e+00
2.759816064960325832e+00
3.237744770171595121e+00
3.237579646105452014e+00
2.759816064960325832e+00
2.759816064960325832e+00
3.237579646105452014e+00
3.237744770171595121e+00
2.759816064960325832e+00
2.759816064960325832e+00
2.760161038171027315e+00
2.760000635360484011e+00
-3.817106830084071589e-04
5.643967053952927415e+00
2.759816064960325832e+00
6.152368901268800983e-05
7.016283577156556817e+00
6.005385465142325074e+00
5.606827729277469530e+00
2.760161038171027315e+00
2.759816064960325832e+00
2.759816064960325832e+00
3.445375239282022051e+00
2.759816064960325832e+00
3.744151161101534342e+00
2.760000635360484011e+00
3.744151161101534342e+00
2.760000635360484011e+00
3.238001656656805949e+00
2.760000635360484011e+00
2.760000635360484011e+00
2.759816064960325832e+00
2.759816064960325832e+00
2.759816064960325832e+00
2.759816064960325832e+00
2.759816064960325832e+00
-6.517747146901342603e-04
5.643967053952927415e+00
2.759816064960325832e+00
6.152368901268800983e-05
7.016283577156556817e+00
6.460155318916434908e+00
5.763772090642319768e+00
2.759816064960325832e+00
2.759816064960325832e+00
2.759816064960325832e+00
3.382172598422044985e+00
3.238185410503177764e+00
3.238001656656805949e+00
2.760297273106921523e+00
2.759816064960325832e+00
2.759816064960325832e+00
3.445015437750406306e+00
3.238001656656805949e+00
2.759816064960325832e+00
2.760161038171027315e+00
2.759816064960325832e+00
2.759816064960325832e+00
2.759816064960325832e+00
2.759816064960325832e+00
-4.716822515788976489e-04
5.643967053952927415e+00
2.759816064960325832e+00
-2.389418023104639133e-02
7.016738340308378952e+00
6.005385465142325074e+00
5.606827729277469530e+00
2.759816064960325832e+00
2.759816064960325832e+00
2.759816064960325832e+00
2.759816064960325832e+00
2.759816064960325832e+00
2.759816064960325832e+00
2.759816064960325832e+00
2.759816064960325832e+00
2.759816064960325832e+00
2.759816064960325832e+00
2.759816064960325832e+00
2.759816064960325832e+00
2.759816064960325832e+00
2.759816064960325832e+00
2.760000635360484011e+00
2.760161038171027315e+00
2.759816064960325832e+00
1.519413025223315117e-01
5.643967053952927415e+00
6.705183343503755111e+00
7.276143854539895983e-05
-1.020152741701981824e+01
7.521552732359296556e+00
5.606827729277469530e+00
2.759816064960325832e+00
2.759816064960325832e+00
2.759816064960325832e+00
2.759816064960325832e+00
2.759816064960325832e+00
2.759816064960325832e+00
2.759816064960325832e+00
3.237579646105452014e+00
2.760297273106921523e+00
2.759816064960325832e+00
3.237579646105452014e+00
2.760297273106921523e+00
2.759816064960325832e+00
2.759816064960325832e+00
2.759816064960325832e+00
2.760297273106921523e+00
2.759816064960325832e+00
-4.716822515788976489e-04
4.379756383319346469e+00
2.759816064960325832e+00
6.152368901268800983e-05
7.016283577156556817e+00
6.005385465142325074e+00
5.606827729277469530e+00
2.759816064960325832e+00
2.759816064960325832e+00
2.759816064960325832e+00
2.760000635360484011e+00
2.759816064960325832e+00
3.237579646105452014e+00
2.760297273106921523e+00
2.759816064960325832e+00
2.759816064960325832e+00
3.238001656656805949e+00
3.382172598422044985e+00
2.760560968469100374e+00
2.760000635360484011e+00
2.759816064960325832e+00
3.344680003582517713e+00
2.759816064960325832e+00
2.759816064960325832e+00
-4.716822515788976489e-04
5.643967053952927415e+00
2.759816064960325832e+00
-2.389418023104639133e-02
7.016738340308378952e+00
6.005385465142325074e+00
5.606827729277469530e+00
2.759816064960325832e+00
2.759816064960325832e+00
3.382172598422044985e+00
2.760297273106921523e+00
2.759816064960325832e+00
3.237579646105452014e+00
2.760497238432407130e+00
3.237579646105452014e+00
3.928932001572860599e+00
2.760000635360484011e+00
3.610441604050159015e+00
2.760497238432407130e+00
3.445279883896837703e+00
2.759816064960325832e+00
3.053647471146383907e+00
2.759816064960325832e+00
3.237579646105452014e+00
-3.817106830084071589e-04
4.379756383319346469e+00
3.237579646105452014e+00
6.152368901268800983e-05
7.015588361207285573e+00
-7.046385423586770003e+00
5.190787316312459154e+00
3.470562830733506132e+00
3.302932435559107205e+00
3.303018542524789325e+00
3.302932435559107205e+00
3.570019016600774364e+00
3.303024840611804791e+00
3.302748314782775196e+00
3.302748314782775196e+00
3.302932435559107205e+00
1.656758966991858983e+00
-8.837392984152145914e-01
3.302748314782775196e+00
3.724226489603957191e+00
3.724226489603957191e+00
3.302748314782775196e+00
3.302852626831921157e+00
3.724226489603957191e+00
8.051283459163656175e-01
6.316687755262137216e+00
3.302852626831921157e+00
3.568611916975328313e-04
7.781429564708801649e+00
6.182008902950570928e+00
5.190787316312459154e+00
3.302987740822651119e+00
3.302748314782775196e+00
3.302748314782775196e+00
3.302748314782775196e+00
3.302748314782775196e+00
3.861282758903506362e+00
3.303018542524789325e+00
3.302748314782775196e+00
3.302748314782775196e+00
3.302852626831921157e+00
3.861082436239051674e+00
3.302963925945348933e+00
3.724226489603957191e+00
3.302932435559107205e+00
3.302748314782775196e+00
3.302852626831921157e+00
3.302932435559107205e+00
9.262046540273800588e-01
6.316865852055613573e+00
3.302748314782775196e+00
4.661658386955735978e-02
6.903968039513777910e+00
6.181814562228659327e+00
5.190787316312459154e+00
3.302748314782775196e+00
3.302748314782775196e+00
3.302748314782775196e+00
3.302748314782775196e+00
3.861282758903506362e+00
3.621679269826067582e+00
3.303024840611804791e+00
3.302748314782775196e+00
3.302748314782775196e+00
-3.631242469663555994e+01
2.248867213565731049e+00
3.302932435559107205e+00
3.302748314782775196e+00
3.302748314782775196e+00
3.302748314782775196e+00
3.302748314782775196e+00
3.724226489603957191e+00
3.114169965224391490e-01
6.851309877265229886e+00
3.724355488283990212e+00
4.660914478472477640e-02
7.687658849961110263e+00
6.583958351676493237e+00
5.394789252596353890e+00
3.218584087970462804e+00
3.302748314782775196e+00
3.302748314782775196e+00
3.302852626831921157e+00
3.302748314782775196e+00
3.724226489603957191e+00
3.302987740822651119e+00
3.302932435559107205e+00
3.302748314782775196e+00
3.087708899273444274e+00
3.302748314782775196e+00
3.302748314782775196e+00
3.302748314782775196e+00
3.302748314782775196e+00
3.218584087970462804e+00
3.302748314782775196e+00
3.302748314782775196e+00
9.262046540273800588e-01
6.316915438321643705e+00
7.583460025055224207e+00
4.661658386955735978e-02
-1.010644622175390595e+01
7.679523380368038943e+00
4.978161874547176069e+00
3.302932435559107205e+00
3.724226489603957191e+00
3.302932435559107205e+00
3.087708899273444274e+00
3.302987740822651119e+00
3.302748314782775196e+00
3.861393922236018739e+00
3.303018542524789325e+00
3.218584087970462804e+00
3.302748314782775196e+00
3.302987740822651119e+00
3.302748314782775196e+00
3.302748314782775196e+00
3.302748314782775196e+00
3.302748314782775196e+00
3.302748314782775196e+00
3.302748314782775196e+00
3.972197449579724093e-01
6.737725130237691928e+00
3.356766787110323946e+00
4.619566271438912963e-02
7.561240917593885058e+00
6.583958351676493237e+00
3.739553957986856858e+00
3.302748314782775196e+00
3.302748314782775196e+00
3.302748314782775196e+00
3.302748314782775196e+00
3.302748314782775196e+00
3.302748314782775196e+00
3.724226489603957191e+00
3.302932435559107205e+00
3.302748314782775196e+00
3.724226489603957191e+00
3.302932435559107205e+00
3.302748314782775196e+00
2.888626948054593413e+00
3.302748314782775196e+00
3.302748314782775196e+00
3.302852626831921157e+00
3.724368512491601280e+00
9.260383625815720166e-01
6.737725130237691928e+00
3.302932435559107205e+00
4.661658386955735978e-02
7.687658849961110263e+00
6.583847864177151621e+00
5.190939138051376744e+00
3.302748314782775196e+00
3.302852626831921157e+00
3.302932435559107205e+00
3.724226489603957191e+00
3.724402390259811568e+00
3.724368512491601280e+00
3.724226489603957191e+00
2.888747206461566464e+00
3.724309878905160076e+00
3.724226489603957191e+00
3.724368512491601280e+00
3.302932435559107205e+00
3.302748314782775196e+00
3.302748314782775196e+00
3.302748314782775196e+00
3.302748314782775196e+00
3.724226489603957191e+00
8.052323138933772384e-01
6.316687755262137216e+00
3.724226489603957191e+00
4.660914478472477640e-02
7.687658849961110263e+00
-1.122644116593524188e+01
3.930499393028874522e+00
4.321098287885831724e-01
-1.883524102055389449e-04
1.741763767052894707e+00
-1.883524102055389449e-04
6.125453745997617716e-01
3.272904126063735930e-04
1.417958725573946310e+00
-1.883524102055389449e-04
6.126565622155908386e-01
1.607338330665669446e+00
4.325704045795433217e-01
-1.883524102055389449e-04
4.324396519314959164e-01
-1.883524102055389449e-04
4.324396519314959164e-01
-1.883524102055389449e-04
4.324396519314959164e-01
-3.762269553771183439e+00
-1.883524102055389449e-04
2.330857296265072875e+00
-4.657318977251208025e+00
3.625239360603210059e+00
3.568936119050135858e+00
5.396241563743295444e+00
1.779230906677753410e-04
-1.883524102055389449e-04
-1.883524102055389449e-04
1.417570138219339526e+00
6.042048013910061854e-06
4.325704045795433217e-01
1.779230906677753410e-04
-1.883524102055389449e-04
-1.883524102055389449e-04
1.538400666134954520e+00
7.117117495738511934e-04
-1.883524102055389449e-04
3.272904126063735930e-04
3.272904126063735930e-04
-1.883524102055389449e-04
-1.883524102055389449e-04
6.042048013910061854e-06
-3.620130478794067130e+00
2.915163388911459208e+00
4.324396519314959164e-01
-4.644829799601005504e+00
3.624890430784013517e+00
4.019854558575033820e+00
3.930041724272022918e+00
-1.883524102055389449e-04
-1.883524102055389449e-04
4.321098287885831724e-01
1.417393883978071756e+00
4.321098287885831724e-01
5.405939979507294879e-01
4.327635908719003055e-01
-1.883524102055389449e-04
1.779230906677753410e-04
1.779230906677753410e-04
6.122543569201397418e-01
-1.883524102055389449e-04
3.272904126063735930e-04
6.042048013910061854e-06
6.042048013910061854e-06
-1.883524102055389449e-04
-1.883524102055389449e-04
-3.726626182294182854e+00
2.915454552367862107e+00
-1.229114901686057948e+01
-5.461923247319759867e+00
3.621269624211272742e+00
3.569125883310221070e+00
3.930041724272022918e+00
-1.883524102055389449e-04
4.321098287885831724e-01
1.779230906677753410e-04
4.321098287885831724e-01
4.326783842898791477e-01
-1.883524102055389449e-04
6.122543569201397418e-01
2.331212983937739125e+00
4.321098287885831724e-01
-1.883524102055389449e-04
-1.883524102055389449e-04
1.779230906677753410e-04
6.125453745997617716e-01
6.124113060888234372e-01
-1.883524102055389449e-04
4.324396519314959164e-01
1.779230906677753410e-04
-3.761833736992649335e+00
2.914847980875478584e+00
2.836368557349501884e+00
-4.657318977251208025e+00
-1.486019376230647637e+01
5.000486541312845645e+00
3.848033583675551483e+00
-1.883524102055389449e-04
4.327635908719003055e-01
-1.883524102055389449e-04
-1.883524102055389449e-04
-1.883524102055389449e-04
-1.883524102055389449e-04
4.321098287885831724e-01
1.779230906677753410e-04
-1.883524102055389449e-04
4.321098287885831724e-01
-1.883524102055389449e-04
-1.883524102055389449e-04
4.324396519314959164e-01
3.239664815811877929e+00
4.324396519314959164e-01
-1.883524102055389449e-04
2.330857296265072875e+00
-3.761833736992649335e+00
2.915284703424532609e+00
-6.787072756955367936e-01
-4.657318977251208025e+00
3.625239360603210059e+00
4.019854558575033820e+00
3.930041724272022918e+00
-1.883524102055389449e-04
2.330857296265072875e+00
9.696611872199270010e-01
4.321098287885831724e-01
-3.325492599968740137e-01
4.843785377843801143e-04
4.321098287885831724e-01
3.272904126063735930e-04
4.324396519314959164e-01
6.125453745997617716e-01
4.326783842898791477e-01
-1.883524102055389449e-04
1.779230906677753410e-04
1.779230906677753410e-04
-1.883524102055389449e-04
6.042048013910061854e-06
1.779230906677753410e-04
-3.620190086689085263e+00
2.914847980875478584e+00
4.326783842898791477e-01
-4.657354714221192182e+00
3.624890430784013517e+00
3.568936119050135858e+00
3.929663685617732938e+00
2.330857296265072875e+00
-1.883524102055389449e-04
-1.883524102055389449e-04
-9.115621467885080875e+00
-3.250300962165241003e+00
1.779230906677753410e-04
6.125453745997617716e-01
4.327635908719003055e-01
1.779230906677753410e-04
-1.883524102055389449e-04
-1.883524102055389449e-04
-1.883524102055389449e-04
6.124113060888234372e-01
-1.883524102055389449e-04
1.779230906677753410e-04
6.122543569201397418e-01
6.042048013910061854e-06
-3.761719791575742988e+00
2.479950177331389227e+00
4.321098287885831724e-01
-4.657318977251208025e+00
3.625239360603210059e+00
-2.220269353664953371e+01
4.977673603772188926e+00
3.302748314782775196e+00
2.888626948054593413e+00
3.250253052940927034e+00
3.724368512491601280e+00
3.861282758903506362e+00
3.302748314782775196e+00
2.888626948054593413e+00
3.302748314782775196e+00
3.724226489603957191e+00
3.302932435559107205e+00
3.302987740822651119e+00
3.861282758903506362e+00
3.713629856549552244e+00
3.302932435559107205e+00
3.724395878148634154e+00
3.724226489603957191e+00
3.302932435559107205e+00
8.051865467397547604e-01
6.316789957657505283e+00
3.302932435559107205e+00
4.091031743982398439e-04
7.687836697015129062e+00
6.583847864177151621e+00
4.018472080462096585e+00
3.861381705728803126e+00
3.303024840611804791e+00
3.724226489603957191e+00
3.302987740822651119e+00
3.724226489603957191e+00
3.861282758903506362e+00
3.724368512491601280e+00
2.888626948054593413e+00
3.087708899273444274e+00
3.724368512491601280e+00
3.302852626831921157e+00
3.302748314782775196e+00
3.738366509433362239e+00
3.303018542524789325e+00
3.302748314782775196e+00
3.724355488283990212e+00
3.302748314782775196e+00
8.051865467397547604e-01
6.316687755262137216e+00
3.302748314782775196e+00
4.661658386955735978e-02
7.781299208201581052e+00
6.677008935977838178e+00
5.190939138051376744e+00
3.724226489603957191e+00
3.303024840611804791e+00
3.724226489603957191e+00
3.724395878148634154e+00
1.855586432901326077e+00
3.218805214203058540e+00
3.302748314782775196e+00
3.302748314782775196e+00
3.302748314782775196e+00
3.724226489603957191e+00
3.302932435559107205e+00
3.302748314782775196e+00
3.302852626831921157e+00
3.724411512150460624e+00
3.724226489603957191e+00
3.724368512491601280e+00
2.888770946707779785e+00
8.051865467397547604e-01
6.851330329261678287e+00
3.724200441306777520e+00
4.660914478472477640e-02
7.687658849961110263e+00
6.583958351676493237e+00
5.190787316312459154e+00
3.302748314782775196e+00
3.861282758903506362e+00
3.303018542524789325e+00
3.724226489603957191e+00
3.724402390259811568e+00
3.302932435559107205e+00
3.302748314782775196e+00
3.724226489603957191e+00
3.302932435559107205e+00
3.302748314782775196e+00
3.724402390259811568e+00
3.302932435559107205e+00
3.302748314782775196e+00
3.861282758903506362e+00
3.303018542524789325e+00
3.861381705728803126e+00
3.303006635073934660e+00
8.051865467397547604e-01
6.316687755262137216e+00
7.583341798436990189e+00
4.661658386955735978e-02
-1.377158277323500357e+01
8.072538254661161261e+00
5.190939138051376744e+00
3.724402390259811568e+00
3.724368512491601280e+00
3.724368512491601280e+00
3.724368512491601280e+00
3.724402390259811568e+00
3.724402390259811568e+00
3.302748314782775196e+00
3.724226489603957191e+00
3.302932435559107205e+00
2.888626948054593413e+00
3.724402390259811568e+00
3.302932435559107205e+00
3.302748314782775196e+00
3.724226489603957191e+00
3.724368512491601280e+00
3.724368512491601280e+00
3.861393922236018739e+00
8.051283459163656175e-01
6.316687755262137216e+00
3.723985444494950059e+00
4.642874946396347013e-02
7.687658849961110263e+00
6.181814562228659327e+00
4.978161874547176069e+00
3.302932435559107205e+00
3.724226489603957191e+00
3.724368512491601280e+00
3.724368512491601280e+00
3.724402390259811568e+00
3.861393922236018739e+00
3.302932435559107205e+00
3.302852626831921157e+00
3.303024840611804791e+00
3.302748314782775196e+00
3.302748314782775196e+00
3.861381705728803126e+00
3.302932435559107205e+00
3.724226489603957191e+00
3.302932435559107205e+00
3.724226489603957191e+00
3.861381705728803126e+00
-7.220185861806811545e-01
5.706487041970653706e+00
3.724226489603957191e+00
4.661658386955735978e-02
7.687658849961110263e+00
6.181814562228659327e+00
4.978161874547176069e+00
3.302932435559107205e+00
3.861282758903506362e+00
3.724085784475747118e+00
3.861282758903506362e+00
3.303024840611804791e+00
3.861393922236018739e+00
3.302748314782775196e+00
3.302748314782775196e+00
3.218584087970462804e+00
3.302852626831921157e+00
3.724368512491601280e+00
3.302852626831921157e+00
3.861381705728803126e+00
3.302932435559107205e+00
3.724226489603957191e+00
3.724368512491601280e+00
3.724368512491601280e+00
9.260383625815720166e-01
6.851309877265229886e+00
3.302804997273220522e+00
4.661658386955735978e-02
7.687658849961110263e+00
-5.021548024263424281e+00
3.359726385108970703e+00
2.986144694337490080e+00
2.596517844317538959e+00
2.596546220692040663e+00
2.749127458324203133e+00
-1.530085516960625114e+00
2.986130141367546287e+00
2.596546220692040663e+00
2.596444710890104091e+00
2.935844841257853943e+00
2.935886106030757503e+00
2.596546220692040663e+00
2.596444710890104091e+00
2.596444710890104091e+00
2.596444710890104091e+00
2.596507508498234529e+00
2.596444710890104091e+00
2.596560847402983541e+00
-1.393550695233443548e+00
5.320240407377141878e+00
4.145109063816938999e+00
-3.945511804674190159e+00
6.443972139748844086e+00
4.801373664487776693e+00
3.359671268925481513e+00
2.935844841257853943e+00
2.596560847402983541e+00
9.066090838338283220e-01
2.986144694337490080e+00
2.986144694337490080e+00
2.935808278862857890e+00
2.935895769692464796e+00
2.935903082185433277e+00
4.249904221737850207e-01
2.596444710890104091e+00
2.935903082185433277e+00
2.596507508498234529e+00
2.596551388605512045e+00
2.596507508498234529e+00
2.596546220692040663e+00
2.596444710890104091e+00
1.165728003748533581e+00
-1.483132441628029596e+00
5.657393539436618823e+00
4.486641154491593397e+00
-3.996271257704115953e+00
6.444080470501020841e+00
4.801373664487776693e+00
-4.490432368407866193e+00
2.596444710890104091e+00
2.596444710890104091e+00
1.629136373497637180e+00
2.986144694337490080e+00
2.935844841257853943e+00
2.986164162113482234e+00
2.501353444601569720e+00
2.935728100685075503e+00
1.451809272575395937e+00
2.985896720302051222e+00
2.935844841257853943e+00
2.596546220692040663e+00
2.596546220692040663e+00
2.596444710890104091e+00
2.596444710890104091e+00
2.596444710890104091e+00
2.935844841257853943e+00
-1.483068893837071300e+00
5.320142611968705637e+00
4.486631082991337394e+00
-3.996271257704115953e+00
6.444070749480488303e+00
5.589674488480000036e+00
4.018472080462096585e+00
2.184995937136015698e+00
2.596444710890104091e+00
2.596444710890104091e+00
2.596444710890104091e+00
2.596444710890104091e+00
2.935895769692464796e+00
2.596546220692040663e+00
2.596444710890104091e+00
2.935844841257853943e+00
2.596444710890104091e+00
2.596444710890104091e+00
2.596444710890104091e+00
2.935844841257853943e+00
2.596546220692040663e+00
2.596444710890104091e+00
2.596444710890104091e+00
2.596444710890104091e+00
-1.393550695233443548e+00
5.320240407377141878e+00
4.836904093099754220e+00
-3.945521049165684246e+00
-1.329048148808277929e+01
5.589624111956297270e+00
3.359671268925481513e+00
2.596444710890104091e+00
2.501765892161188276e+00
2.596546220692040663e+00
2.596560847402983541e+00
2.596444710890104091e+00
2.986144694337490080e+00
2.596551388605512045e+00
2.596444710890104091e+00
2.596560847402983541e+00
2.935895769692464796e+00
2.596444710890104091e+00
2.596444710890104091e+00
2.596444710890104091e+00
2.596444710890104091e+00
2.935886106030757503e+00
2.596551388605512045e+00
2.596444710890104091e+00
-1.393550695233443548e+00
5.320240407377141878e+00
4.145109063816938999e+00
-3.945506339398455964e+00
6.149482328958853827e+00
4.801373664487776693e+00
3.062258949087599547e+00
2.596546220692040663e+00
2.596444710890104091e+00
2.596444710890104091e+00
2.986130141367546287e+00
2.935808278862857890e+00
2.596507508498234529e+00
2.749206294503785841e+00
2.596460214600234906e+00
2.596444710890104091e+00
2.935844841257853943e+00
2.935895769692464796e+00
2.596546220692040663e+00
2.596444710890104091e+00
2.935844841257853943e+00
2.935903082185433277e+00
9.066019944304883893e-01
2.596444710890104091e+00
-1.483091935599567535e+00
5.657393539436618823e+00
4.145209626431608285e+00
-3.945511804674190159e+00
6.443972139748844086e+00
4.801373664487776693e+00
3.359671268925481513e+00
2.596444710890104091e+00
2.596444710890104091e+00
2.935844841257853943e+00
2.596546220692040663e+00
4.269073151157229518e+00
2.331306243934925249e+00
6.542393503077249761e+00
