8.218553578409981686e-02
4.471444693631726475e-02
8.528437127133087214e-02
9.699307601596318662e-02
7.799337039304110597e-02
5.367458569420779924e-04
7.821977749779390754e-02
7.821977749779390754e-02
7.821977749779390754e-02
2.006494729942764899e-02
6.313919810146273459e-02
8.437196907320038131e-02
8.324190508836643021e-02
8.324190508836643021e-02
3.149605080459955131e-02
5.963348149346764382e-02
9.116384884854733528e-02
9.116384884854733528e-02
9.132630700606564345e-02
8.087331586062163069e-02
4.843199947033277608e-02
6.192404662306338903e-02
7.710506979411463346e-02
4.825110275270738658e-02
7.730092496474100239e-02
5.170066752661695020e-02
9.497310322173346808e-02
9.699307601596318662e-02
7.799337039304110597e-02
7.029198340650855137e-02
4.611638271430490432e-02
7.821977749779390754e-02
7.821977749779390754e-02
8.437196907320038131e-02
8.437196907320038131e-02
8.437196907320038131e-02
8.324190508836643021e-02
8.324190508836643021e-02
8.324190508836643021e-02
9.116384884854733528e-02
9.116384884854733528e-02
9.116384884854733528e-02
9.132630700606564345e-02
9.132630700606564345e-02
9.132630700606564345e-02
9.610035580331927063e-02
9.610035580331927063e-02
8.341855967626121693e-02
9.681210585326810447e-02
-1.317159537275292003e-03
9.497310322173346808e-02
5.456771701194962354e-02
3.651829817157797864e-02
7.029198340650855137e-02
5.943780102845430680e-02
7.821977749779390754e-02
7.821977749779390754e-02
6.313919810146273459e-02
7.382479352076964929e-02
7.382479352076964929e-02
8.324190508836643021e-02
6.584239059514823689e-02
8.324190508836643021e-02
9.116384884854733528e-02
9.116384884854733528e-02
9.116384884854733528e-02
9.132630700606564345e-02
9.132630700606564345e-02
9.132630700606564345e-02
3.304059552685867374e-02
7.710506979411463346e-02
8.341855967626121693e-02
3.105323852633645743e-02
5.369400198320550821e-02
9.497310322173346808e-02
9.699307601596318662e-02
7.799337039304110597e-02
7.029198340650855137e-02
7.821977749779390754e-02
7.821977749779390754e-02
4.611638271430490432e-02
7.110915177622323391e-02
8.437196907320038131e-02
8.437196907320038131e-02
5.417805081549625923e-02
6.584239059514823689e-02
8.324190508836643021e-02
9.116384884854733528e-02
6.570339991411211500e-02
9.116384884854733528e-02
9.132630700606564345e-02
9.132630700606564345e-02
9.132630700606564345e-02
6.192404662306338903e-02
7.710506979411463346e-02
8.341855967626121693e-02
4.320196397079323347e-02
9.396439024842612175e-02
9.497310322173346808e-02
9.699307601596318662e-02
7.799337039304110597e-02
7.029198340650855137e-02
7.821977749779390754e-02
7.821977749779390754e-02
7.821977749779390754e-02
8.437196907320038131e-02
8.437196907320038131e-02
8.437196907320038131e-02
5.417805081549625923e-02
8.324190508836643021e-02
8.324190508836643021e-02
9.116384884854733528e-02
9.116384884854733528e-02
9.116384884854733528e-02
9.132630700606564345e-02
9.132630700606564345e-02
9.132630700606564345e-02
9.610035580331927063e-02
9.610035580331927063e-02
4.825110275270738658e-02
9.839603257887241661e-03
9.396439024842612175e-02
9.497310322173346808e-02
9.699307601596318662e-02
-5.963842854916912017e-05
8.830390054620668172e-02
7.950036493264528437e-02
4.748745834365386553e-02
6.720241632797846476e-02
8.847214046409390686e-02
7.037272502152525089e-02
8.847214046409390686e-02
7.852526049095032157e-02
7.852526049095032157e-02
7.852526049095032157e-02
9.145093881776283906e-02
9.145093881776283906e-02
9.145093881776283906e-02
9.293008660521528963e-02
9.293008660521528963e-02
9.293008660521528963e-02
8.362681105327091080e-02
1.010015428870001397e-01
8.846188617271033561e-02
9.144959027909860261e-02
9.144959027909860261e-02
9.246444321040270253e-02
9.841198930923683585e-02
8.416960519375271677e-02
8.830390054620668172e-02
7.950036493264528437e-02
7.950036493264528437e-02
7.950036493264528437e-02
3.071594800397037250e-02
7.802287079300468386e-02
8.847214046409390686e-02
7.852526049095032157e-02
7.852526049095032157e-02
7.852526049095032157e-02
9.145093881776283906e-02
9.145093881776283906e-02
9.145093881776283906e-02
9.293008660521528963e-02
9.293008660521528963e-02
9.293008660521528963e-02
1.010015428870001397e-01
1.010015428870001397e-01
8.846188617271033561e-02
1.479061029184908227e-02
9.144959027909860261e-02
9.246444321040270253e-02
9.841198930923683585e-02
8.416960519375271677e-02
8.830390054620668172e-02
4.748745834365386553e-02
6.720241632797846476e-02
7.950036493264528437e-02
8.847214046409390686e-02
8.847214046409390686e-02
8.847214046409390686e-02
7.852526049095032157e-02
4.915090817771083920e-02
6.804000338717630658e-02
6.993279792332862677e-02
9.145093881776283906e-02
9.145093881776283906e-02
9.293008660521528963e-02
6.161737758495922090e-02
8.360847302478341403e-02
1.010015428870001397e-01
8.221915880207059102e-02
8.846188617271033561e-02
9.431463970898612548e-02
7.290427056399906292e-02
8.271673669658002881e-02
9.841198930923683585e-02
8.416960519375271677e-02
8.830390054620668172e-02
7.950036493264528437e-02
6.737260168394915150e-02
7.950036493264528437e-02
8.847214046409390686e-02
8.847214046409390686e-02
8.847214046409390686e-02
7.852526049095032157e-02
7.852526049095032157e-02
7.852526049095032157e-02
9.145093881776283906e-02
9.145093881776283906e-02
9.145093881776283906e-02
9.293008660521528963e-02
6.955374185007007215e-02
9.293008660521528963e-02
1.010015428870001397e-01
1.010015428870001397e-01
8.846188617271033561e-02
9.431463970898612548e-02
6.708320595888755955e-02
9.246444321040270253e-02
6.122586260317935958e-02
8.478503631118144979e-02
8.830390054620668172e-02
7.950036493264528437e-02
6.315015650686445214e-02
7.950036493264528437e-02
8.847214046409390686e-02
8.847214046409390686e-02
8.847214046409390686e-02
7.852526049095032157e-02
6.846326742811220667e-02
7.852526049095032157e-02
9.145093881776283906e-02
9.145093881776283906e-02
6.993279792332862677e-02
9.293008660521528963e-02
9.293008660521528963e-02
6.559155172457575844e-02
6.720828674345930009e-02
1.010015428870001397e-01
8.846188617271033561e-02
9.431463970898612548e-02
8.167802620455066887e-02
9.246444321040270253e-02
9.841198930923683585e-02
8.416960519375271677e-02
8.830390054620668172e-02
7.950036493264528437e-02
7.950036493264528437e-02
7.950036493264528437e-02
6.743646616008269756e-02
7.802287079300468386e-02
8.847214046409390686e-02
7.852526049095032157e-02
7.852526049095032157e-02
7.852526049095032157e-02
9.145093881776283906e-02
9.145093881776283906e-02
6.993279792332862677e-02
8.251498123205636137e-02
6.955374185007007215e-02
9.293008660521528963e-02
1.010015428870001397e-01
1.010015428870001397e-01
5.368859121372276944e-02
7.959903883696567428e-02
9.144959027909860261e-02
9.246444321040270253e-02
9.841198930923683585e-02
8.416960519375271677e-02
8.830390054620668172e-02
4.748745834365386553e-02
7.950036493264528437e-02
7.950036493264528437e-02
8.847214046409390686e-02
8.847214046409390686e-02
8.847214046409390686e-02
7.852526049095032157e-02
7.852526049095032157e-02
7.852526049095032157e-02
9.145093881776283906e-02
9.145093881776283906e-02
7.318200648134165487e-02
9.293008660521528963e-02
9.293008660521528963e-02
9.293008660521528963e-02
1.010015428870001397e-01
1.010015428870001397e-01
8.846188617271033561e-02
-4.838159225301952304e-03
7.501550750806318391e-02
9.246444321040270253e-02
7.725169762399358708e-02
3.286397658819217860e-03
8.662283618958266374e-02
8.710622154986275012e-02
5.563075599314237785e-02
7.501473411655301682e-02
1.002111558342988484e-01
1.002111558342988484e-01
1.002111558342988484e-01
9.982153968723961324e-02
8.853551753225868959e-02
9.982153968723961324e-02
6.691376017763722706e-02
1.068503973155898734e-01
1.068503973155898734e-01
1.113999907214732188e-01
1.113999907214732188e-01
1.113999907214732188e-01
1.154809128634999293e-01
1.154809128634999293e-01
1.033611726124213370e-01
9.329637909997001710e-02
1.093397127272668357e-01
1.103108863990959754e-01
1.042478571363112394e-01
1.028378153039984366e-01
8.662283618958266374e-02
8.710622154986275012e-02
8.710622154986275012e-02
5.775824526173128914e-02
1.002111558342988484e-01
1.002111558342988484e-01
1.002111558342988484e-01
9.982153968723961324e-02
9.982153968723961324e-02
9.982153968723961324e-02
1.068503973155898734e-01
1.068503973155898734e-01
1.068503973155898734e-01
1.113999907214732188e-01
1.113999907214732188e-01
6.200606437766947865e-02
1.154809128634999293e-01
6.448897102348183363e-02
1.033611726124213370e-01
1.120814504598663386e-01
1.093397127272668357e-01
1.103108863990959754e-01
1.141743833742221437e-01
1.036097246237815961e-01
8.662283618958266374e-02
8.710622154986275012e-02
8.710622154986275012e-02
8.710622154986275012e-02
1.002111558342988484e-01
1.002111558342988484e-01
1.002111558342988484e-01
9.982153968723961324e-02
9.982153968723961324e-02
9.982153968723961324e-02
1.068503973155898734e-01
1.068503973155898734e-01
1.068503973155898734e-01
9.880770687995882318e-02
1.113999907214732188e-01
1.113999907214732188e-01
9.883450664493581561e-02
9.883450664493581561e-02
9.037299824054001451e-02
4.970340184390487082e-02
1.093397127272668357e-01
1.103108863990959754e-01
1.042478571363112394e-01
1.028378153039984366e-01
8.662283618958266374e-02
8.710622154986275012e-02
8.710622154986275012e-02
5.775824526173128914e-02
1.002111558342988484e-01
1.002111558342988484e-01
1.002111558342988484e-01
9.982153968723961324e-02
9.982153968723961324e-02
9.982153968723961324e-02
8.612153271463934834e-02
1.068503973155898734e-01
1.068503973155898734e-01
1.113999907214732188e-01
1.113999907214732188e-01
1.113999907214732188e-01
1.154809128634999293e-01
9.732749594053652364e-02
1.033611726124213370e-01
1.120814504598663386e-01
8.602205733157397560e-02
1.103108863990959754e-01
3.523500757269165673e-02
1.041983013195026953e-01
8.662283618958266374e-02
8.710622154986275012e-02
8.710622154986275012e-02
7.786859803153778348e-02
1.002111558342988484e-01
1.002111558342988484e-01
1.002111558342988484e-01
9.982153968723961324e-02
9.982153968723961324e-02
9.982153968723961324e-02
7.037263097396911915e-02
7.939327928994843742e-02
1.068503973155898734e-01
1.113999907214732188e-01
1.113999907214732188e-01
1.113999907214732188e-01
1.154809128634999293e-01
1.154809128634999293e-01
1.033611726124213370e-01
7.757075914138933381e-02
-1.529385775226965727e-02
9.616552696506297515e-02
1.042478571363112394e-01
1.036097246237815961e-01
8.662283618958266374e-02
8.710622154986275012e-02
8.710622154986275012e-02
8.710622154986275012e-02
1.002111558342988484e-01
1.002111558342988484e-01
1.002111558342988484e-01
9.982153968723961324e-02
9.982153968723961324e-02
-4.941028570200356462e-02
1.068503973155898734e-01
1.068503973155898734e-01
7.939327928994843742e-02
1.113999907214732188e-01
8.411711535996546640e-02
1.113999907214732188e-01
1.154809128634999293e-01
1.154809128634999293e-01
1.033611726124213370e-01
1.120814504598663386e-01
1.093397127272668357e-01
1.103108863990959754e-01
9.961612905401856510e-02
9.884268764230869087e-02
9.044944027417872734e-02
8.710622154986275012e-02
8.710622154986275012e-02
8.710622154986275012e-02
5.496629176729811439e-02
1.002111558342988484e-01
1.002111558342988484e-01
9.982153968723961324e-02
8.983670899968682066e-02
7.184912742291327259e-02
1.068503973155898734e-01
1.068503973155898734e-01
7.787906255884147200e-02
1.024688793799085618e-01
1.113999907214732188e-01
1.113999907214732188e-01
1.154809128634999293e-01
-1.411480331922154718e-02
8.468128812616887435e-02
1.120814504598663386e-01
1.093397127272668357e-01
1.103108863990959754e-01
6.347010447652118303e-02
-9.109959473848960876e-03
9.586718723512704932e-02
8.925950603474452905e-02
8.925950603474452905e-02
8.925950603474452905e-02
9.801538663293096754e-02
9.801538663293096754e-02
9.801538663293096754e-02
9.509209219483583109e-02
9.509209219483583109e-02
9.509209219483583109e-02
1.025714036055137557e-01
1.025714036055137557e-01
1.025714036055137557e-01
1.023065264745053327e-01
1.023065264745053327e-01
1.023065264745053327e-01
1.027789946346311933e-01
1.027789946346311933e-01
9.029088582971905863e-02
1.060268829393857803e-01
1.032431230899436003e-01
1.042291817644579455e-01
1.121134155789280662e-01
9.958590078378637411e-02
9.586718723512704932e-02
8.925950603474452905e-02
5.508556229435013218e-02
8.925950603474452905e-02
9.801538663293096754e-02
9.801538663293096754e-02
9.801538663293096754e-02
9.509209219483583109e-02
9.509209219483583109e-02
6.680833907196231936e-02
8.769687507320700348e-02
1.025714036055137557e-01
1.025714036055137557e-01
1.023065264745053327e-01
7.591556610203825661e-02
1.023065264745053327e-01
1.027789946346311933e-01
1.027789946346311933e-01
9.029088582971905863e-02
6.011845521701641992e-03
1.032431230899436003e-01
1.042291817644579455e-01
1.121134155789280662e-01
9.958590078378637411e-02
7.170759554481381803e-02
8.925950603474452905e-02
5.793619473159089539e-02
7.722646956355361247e-02
9.801538663293096754e-02
9.801538663293096754e-02
8.779399522300257441e-02
9.509209219483583109e-02
9.509209219483583109e-02
6.817434259075455527e-02
-8.727760299140907563e-04
1.025714036055137557e-01
1.025714036055137557e-01
1.023065264745053327e-01
1.023065264745053327e-01
1.023065264745053327e-01
1.027789946346311933e-01
1.027789946346311933e-01
9.029088582971905863e-02
1.060268829393857803e-01
1.032431230899436003e-01
6.993072901891350668e-02
1.121134155789280662e-01
9.958590078378637411e-02
9.586718723512704932e-02
8.925950603474452905e-02
8.925950603474452905e-02
8.925950603474452905e-02
9.801538663293096754e-02
9.801538663293096754e-02
7.743845949820837848e-02
8.499612751821777890e-02
9.509209219483583109e-02
9.509209219483583109e-02
1.025714036055137557e-01
1.025714036055137557e-01
1.025714036055137557e-01
1.023065264745053327e-01
1.023065264745053327e-01
1.023065264745053327e-01
1.027789946346311933e-01
1.027789946346311933e-01
9.029088582971905863e-02
8.695389619859861252e-02
7.956808222010963716e-02
1.042291817644579455e-01
7.610868240027468534e-02
1.001800359567929788e-01
7.392923358644015730e-02
8.925950603474452905e-02
8.925950603474452905e-02
8.925950603474452905e-02
5.401078028331190994e-02
9.801538663293096754e-02
7.743845949820837848e-02
8.499612751821777890e-02
9.509209219483583109e-02
9.509209219483583109e-02
1.025714036055137557e-01
1.025714036055137557e-01
1.025714036055137557e-01
1.023065264745053327e-01
1.023065264745053327e-01
1.023065264745053327e-01
1.027789946346311933e-01
1.027789946346311933e-01
9.029088582971905863e-02
1.060268829393857803e-01
1.032431230899436003e-01
1.042291817644579455e-01
1.121134155789280662e-01
9.958590078378637411e-02
9.586718723512704932e-02
8.925950603474452905e-02
8.925950603474452905e-02
8.925950603474452905e-02
9.801538663293096754e-02
9.801538663293096754e-02
9.801538663293096754e-02
9.509209219483583109e-02
9.509209219483583109e-02
9.509209219483583109e-02
1.025714036055137557e-01
1.025714036055137557e-01
1.025714036055137557e-01
1.023065264745053327e-01
1.023065264745053327e-01
7.591556610203825661e-02
1.027789946346311933e-01
1.027789946346311933e-01
9.029088582971905863e-02
1.060268829393857803e-01
1.032431230899436003e-01
1.042291817644579455e-01
1.121134155789280662e-01
9.958590078378637411e-02
9.044944027417872734e-02
8.925950603474452905e-02
8.925950603474452905e-02
8.925950603474452905e-02
9.801538663293096754e-02
9.801538663293096754e-02
9.801538663293096754e-02
9.509209219483583109e-02
9.509209219483583109e-02
9.509209219483583109e-02
1.025714036055137557e-01
1.025714036055137557e-01
8.162322555949608205e-02
6.156757772178494958e-02
7.165974412154058060e-02
-1.346156256182562405e-02
1.027789946346311933e-01
1.027789946346311933e-01
7.264109127942086630e-02
2.875917584576814789e-02
1.032431230899436003e-01
6.993072901891350668e-02
1.121134155789280662e-01
-2.409285013836293121e-02
8.611654915217886730e-02
7.461868341266542082e-02
5.379287697379164790e-02
7.461868341266542082e-02
6.970675429190748007e-02
8.034996911040109824e-02
8.034996911040109824e-02
7.813632495150485413e-02
7.813632495150485413e-02
7.813632495150485413e-02
5.994587892648295391e-02
8.733181186740829327e-02
5.994587892648295391e-02
8.477646718145526172e-02
8.477646718145526172e-02
8.477646718145526172e-02
6.466633981567865286e-02
9.864386095620480965e-02
2.927393482773654743e-02
9.227345828628485958e-02
6.596118599162409391e-02
9.328629971964857992e-02
8.917818272766947496e-02
7.952002754612591540e-02
8.611654915217886730e-02
7.461868341266542082e-02
7.461868341266542082e-02
7.461868341266542082e-02
8.034996911040109824e-02
7.826079257647777787e-03
8.034996911040109824e-02
7.813632495150485413e-02
7.813632495150485413e-02
7.813632495150485413e-02
8.733181186740829327e-02
8.733181186740829327e-02
8.733181186740829327e-02
6.519198163609446484e-02
7.416875044888554536e-02
8.477646718145526172e-02
9.864386095620480965e-02
9.864386095620480965e-02
8.603582906679607678e-02
7.554179277850914254e-02
7.376489648088968565e-02
9.328629971964857992e-02
8.917818272766947496e-02
7.952002754612591540e-02
8.611654915217886730e-02
7.461868341266542082e-02
7.461868341266542082e-02
7.461868341266542082e-02
8.034996911040109824e-02
-1.111796809262211028e-04
-2.390299829763009587e-02
5.458760006987578572e-02
7.813632495150485413e-02
7.813632495150485413e-02
8.733181186740829327e-02
7.577561587260117637e-02
5.320208974148110670e-02
8.477646718145526172e-02
7.416875044888554536e-02
8.477646718145526172e-02
9.864386095620480965e-02
9.864386095620480965e-02
8.603582906679607678e-02
7.554179277850914254e-02
9.227345828628485958e-02
8.724407803210343371e-02
7.330541655672462298e-02
7.448346890433948930e-02
8.611654915217886730e-02
7.461868341266542082e-02
7.461868341266542082e-02
7.461868341266542082e-02
8.034996911040109824e-02
8.034996911040109824e-02
8.034996911040109824e-02
7.813632495150485413e-02
7.813632495150485413e-02
5.142932862782356729e-02
8.733181186740829327e-02
8.733181186740829327e-02
7.577561587260117637e-02
5.976552379139671300e-02
8.477646718145526172e-02
8.477646718145526172e-02
9.864386095620480965e-02
9.864386095620480965e-02
8.603582906679607678e-02
9.513282902042280442e-02
6.795536956671183182e-02
9.328629971964857992e-02
4.643950557471476781e-02
7.722746624039233954e-02
8.611654915217886730e-02
7.461868341266542082e-02
7.461868341266542082e-02
7.461868341266542082e-02
8.034996911040109824e-02
8.034996911040109824e-02
8.034996911040109824e-02
7.813632495150485413e-02
5.057629209914421553e-02
5.057629209914421553e-02
8.733181186740829327e-02
8.733181186740829327e-02
8.733181186740829327e-02
8.477646718145526172e-02
8.477646718145526172e-02
8.477646718145526172e-02
9.864386095620480965e-02
9.864386095620480965e-02
8.603582906679607678e-02
6.467950531071037235e-02
-1.971265416559486727e-02
6.703826961071152057e-02
8.917818272766947496e-02
8.161470358919981072e-02
8.611654915217886730e-02
7.461868341266542082e-02
7.461868341266542082e-02
7.461868341266542082e-02
8.034996911040109824e-02
8.034996911040109824e-02
8.034996911040109824e-02
7.813632495150485413e-02
7.813632495150485413e-02
5.057629209914421553e-02
4.724469370779205146e-02
6.163913324617914524e-02
6.163913324617914524e-02
7.243887043631214162e-03
3.888416479902601086e-02
7.528246469094512783e-02
4.771137357038457427e-02
9.864386095620480965e-02
5.443157748586568978e-02
9.513282902042280442e-02
9.227345828628485958e-02
6.703826961071152057e-02
8.917818272766947496e-02
7.952002754612591540e-02
9.455855402919977060e-02
6.204245313853407051e-02
6.218822143895552657e-02
7.461868341266542082e-02
5.892385919872938915e-02
5.892385919872938915e-02
6.531165174031516862e-03
6.627433206397176368e-02
4.277810700461631699e-02
-1.444334558459969831e-02
6.560255126040609452e-02
7.577561587260117637e-02
8.733181186740829327e-02
8.477646718145526172e-02
7.528246469094512783e-02
7.139054357347529578e-02
9.864386095620480965e-02
9.864386095620480965e-02
8.603582906679607678e-02
9.513282902042280442e-02
2.552330180091338940e-02
7.482292711158555765e-02
8.917818272766947496e-02
9.821989623799098901e-03
8.830390054620668172e-02
7.950036493264528437e-02
7.950036493264528437e-02
7.950036493264528437e-02
7.868503601251763957e-02
8.847214046409390686e-02
8.847214046409390686e-02
7.852526049095032157e-02
5.056958371372666239e-02
4.915090817771083920e-02
9.145093881776283906e-02
9.145093881776283906e-02
6.993279792332862677e-02
6.559155172457575844e-02
9.293008660521528963e-02
9.293008660521528963e-02
8.377838338167692411e-02
8.794210026602200525e-02
7.073923751581945307e-02
9.431463970898612548e-02
9.144959027909860261e-02
9.246444321040270253e-02
9.841198930923683585e-02
8.416960519375271677e-02
8.830390054620668172e-02
6.720241632797846476e-02
7.950036493264528437e-02
7.950036493264528437e-02
4.658261489152293322e-02
8.847214046409390686e-02
1.326269128372770112e-02
6.667359793633287346e-02
3.304997095721740052e-03
6.667359793633287346e-02
6.137648586547983509e-02
8.000702187473424098e-02
8.000702187473424098e-02
9.293008660521528963e-02
9.293008660521528963e-02
9.293008660521528963e-02
1.010015428870001397e-01
1.010015428870001397e-01
4.341708545773531602e-02
9.431463970898612548e-02
9.144959027909860261e-02
9.246444321040270253e-02
9.841198930923683585e-02
9.014238772149413270e-02
1.021749524842241463e-01
7.950036493264528437e-02
7.950036493264528437e-02
7.950036493264528437e-02
4.320935161308314676e-02
3.571196052142494581e-02
6.164775506812453232e-02
6.093986166515880099e-02
7.852526049095032157e-02
7.852526049095032157e-02
5.175330380792342311e-02
6.137648586547983509e-02
9.145093881776283906e-02
8.360847302478341403e-02
9.293008660521528963e-02
9.293008660521528963e-02
1.010015428870001397e-01
1.010015428870001397e-01
8.846188617271033561e-02
9.431463970898612548e-02
9.144959027909860261e-02
7.396440243815172177e-02
9.176567058317014469e-02
8.416960519375271677e-02
8.830390054620668172e-02
7.950036493264528437e-02
7.950036493264528437e-02
7.950036493264528437e-02
8.847214046409390686e-02
8.847214046409390686e-02
8.847214046409390686e-02
7.852526049095032157e-02
7.852526049095032157e-02
7.852526049095032157e-02
9.145093881776283906e-02
9.145093881776283906e-02
9.145093881776283906e-02
9.293008660521528963e-02
9.293008660521528963e-02
7.978722010444339041e-02
8.377838338167692411e-02
1.010015428870001397e-01
5.368859121372276944e-02
9.431463970898612548e-02
5.139684661827470524e-02
8.641022170128637159e-02
5.598462418922400818e-02
8.478503631118144979e-02
8.830390054620668172e-02
7.950036493264528437e-02
7.950036493264528437e-02
7.950036493264528437e-02
8.847214046409390686e-02
8.847214046409390686e-02
8.847214046409390686e-02
7.852526049095032157e-02
4.915090817771083920e-02
6.093986166515880099e-02
9.145093881776283906e-02
6.993279792332862677e-02
7.318200648134165487e-02
9.293008660521528963e-02
9.293008660521528963e-02
9.293008660521528963e-02
8.221915880207059102e-02
1.010015428870001397e-01
8.846188617271033561e-02
7.468469576863723258e-02
9.144959027909860261e-02
9.246444321040270253e-02
9.841198930923683585e-02
8.416960519375271677e-02
8.830390054620668172e-02
7.950036493264528437e-02
7.950036493264528437e-02
7.950036493264528437e-02
7.868503601251763957e-02
8.847214046409390686e-02
6.743646616008269756e-02
6.093986166515880099e-02
7.852526049095032157e-02
7.852526049095032157e-02
6.137648586547983509e-02
3.674901887160697544e-02
5.239392566292505604e-02
7.978722010444339041e-02
9.293008660521528963e-02
6.955374185007007215e-02
1.010015428870001397e-01
1.010015428870001397e-01
8.846188617271033561e-02
9.431463970898612548e-02
9.144959027909860261e-02
7.396440243815172177e-02
9.176567058317014469e-02
8.416960519375271677e-02
8.830390054620668172e-02
7.950036493264528437e-02
7.950036493264528437e-02
5.034818447390843055e-03
7.802287079300468386e-02
8.847214046409390686e-02
6.743646616008269756e-02
4.936608577388745811e-02
4.915090817771083920e-02
1.428709898792512867e-02
8.000702187473424098e-02
1.271218758241748903e-02
5.722853582086989688e-02
3.685781452203218400e-02
9.293008660521528963e-02
6.922056614897392768e-02
1.010015428870001397e-01
6.720828674345930009e-02
7.073923751581945307e-02
7.468469576863723258e-02
7.290427056399906292e-02
9.246444321040270253e-02
7.841927753559452263e-02
3.200291479002514983e-02
9.586718723512704932e-02
2.694192784313786948e-02
7.722646956355361247e-02
6.078027513840933427e-02
8.516223498897945721e-02
2.133620492061782947e-03
7.853657680861914070e-02
9.509209219483583109e-02
9.509209219483583109e-02
8.499612751821777890e-02
-2.673304524408270932e-02
-5.845596275278897025e-02
1.025714036055137557e-01
7.165974412154058060e-02
7.165974412154058060e-02
1.023065264745053327e-01
8.977323665431641286e-02
6.912465550811497383e-02
4.492849221404188187e-02
1.060268829393857803e-01
9.734627970446879663e-02
7.752346368015994305e-02
1.052808404245667018e-01
8.438499846605396204e-02
9.586718723512704932e-02
7.093391461971426670e-02
8.925950603474452905e-02
8.925950603474452905e-02
9.801538663293096754e-02
9.801538663293096754e-02
6.398330780781558147e-02
7.243742156212573668e-02
9.509209219483583109e-02
9.509209219483583109e-02
9.143060799298907693e-02
2.777435712141357316e-02
6.405967729433104108e-02
7.165974412154058060e-02
9.318315543710531390e-02
1.023065264745053327e-01
8.977323665431641286e-02
8.562663594033537162e-02
5.566053662260883605e-02
9.659800757777803337e-02
1.032431230899436003e-01
1.042291817644579455e-01
8.071898385146125676e-02
9.958590078378637411e-02
9.586718723512704932e-02
8.925950603474452905e-02
8.925950603474452905e-02
8.925950603474452905e-02
9.801538663293096754e-02
6.398330780781558147e-02
2.214051915980430607e-02
6.701552764051116329e-02
9.509209219483583109e-02
9.509209219483583109e-02
-3.184656334543478629e-02
3.227141738219130307e-02
8.769687507320700348e-02
1.023065264745053327e-01
1.023065264745053327e-01
1.023065264745053327e-01
1.027789946346311933e-01
6.912465550811497383e-02
4.827860985243570546e-03
4.138599224460937087e-02
5.646395347909261009e-02
9.475804533858794843e-02
1.121134155789280662e-01
9.880670160619631215e-02
1.039071863297532650e-01
6.482110508335608978e-02
8.925950603474452905e-02
8.925950603474452905e-02
8.844171990613608481e-02
9.801538663293096754e-02
7.743845949820837848e-02
7.815959701495805989e-02
8.499612751821777890e-02
9.509209219483583109e-02
6.627063073381095348e-02
1.025714036055137557e-01
1.025714036055137557e-01
1.023065264745053327e-01
1.023065264745053327e-01
7.364459397411665664e-02
1.027789946346311933e-01
1.027789946346311933e-01
5.566053662260883605e-02
9.172880541213163097e-02
6.951720299429103855e-02
1.042291817644579455e-01
4.980773879873645615e-02
1.001800359567929788e-01
7.170759554481381803e-02
7.722646956355361247e-02
5.793619473159089539e-02
7.722646956355361247e-02
4.936811301806642849e-02
8.779399522300257441e-02
9.801538663293096754e-02
3.275699193110692686e-02
7.243742156212573668e-02
5.513366600888408575e-02
1.025714036055137557e-01
8.478637054101756387e-02
1.025714036055137557e-01
1.023065264745053327e-01
1.023065264745053327e-01
1.023065264745053327e-01
1.027789946346311933e-01
1.027789946346311933e-01
-2.492493221373404122e-02
8.813194751238462299e-02
4.318645008144383901e-02
7.048127718214214354e-02
8.334575788727183188e-02
9.880670160619631215e-02
7.320062454906084426e-02
8.925950603474452905e-02
8.925950603474452905e-02
8.925950603474452905e-02
9.801538663293096754e-02
9.801538663293096754e-02
9.801538663293096754e-02
6.680833907196231936e-02
8.499612751821777890e-02
9.509209219483583109e-02
8.162322555949608205e-02
8.769687507320700348e-02
1.025714036055137557e-01
7.591556610203825661e-02
1.023065264745053327e-01
1.023065264745053327e-01
8.977323665431641286e-02
6.315995392029072342e-02
1.248169925443165518e-02
8.813194751238462299e-02
9.374880601002971714e-02
1.042291817644579455e-01
1.121134155789280662e-01
1.011280603932752653e-01
9.101352477533014573e-02
8.925950603474452905e-02
7.708536175283625669e-02
7.722646956355361247e-02
7.743845949820837848e-02
7.177598894358144799e-02
7.677444926314497264e-02
6.680833907196231936e-02
5.114998126375630561e-02
6.817434259075455527e-02
8.162322555949608205e-02
7.482378654571175680e-02
8.769687507320700348e-02
1.023065264745053327e-01
1.023065264745053327e-01
1.023065264745053327e-01
1.027789946346311933e-01
6.912465550811497383e-02
7.264109127942086630e-02
1.060268829393857803e-01
8.522398670806635712e-02
9.475804533858794843e-02
1.121134155789280662e-01
1.570462586092657986e-02
6.604525448023990108e-02
4.226083001658126337e-02
7.461868341266542082e-02
3.472726619750610144e-02
8.034996911040109824e-02
4.246446924869240469e-02
6.970675429190748007e-02
2.669214955870469197e-04
7.813632495150485413e-02
1.334120387568271671e-02
-4.238240399078940790e-03
5.696229114444406605e-02
8.733181186740829327e-02
5.577406459971162578e-02
8.477646718145526172e-02
5.577406459971162578e-02
9.864386095620480965e-02
5.864435930566619382e-02
2.669698827147015674e-02
9.227345828628485958e-02
6.801990440454830367e-02
7.482292711158555765e-02
8.424968198348553594e-02
7.952002754612591540e-02
8.426167478729568172e-02
6.218822143895552657e-02
7.461868341266542082e-02
7.461868341266542082e-02
1.914590462217236055e-02
7.038120972261657782e-02
5.302770591594357930e-02
6.764192852267075784e-02
7.813632495150485413e-02
7.813632495150485413e-02
-6.495077360469947436e-04
3.168827592553280503e-02
8.733181186740829327e-02
7.416875044888554536e-02
7.416875044888554536e-02
8.477646718145526172e-02
9.864386095620480965e-02
8.551320891566194238e-02
4.487630116576696304e-02
6.782414554057075717e-02
6.477523712531391142e-02
8.355791373096987940e-02
8.917818272766947496e-02
8.113413520119111544e-02
8.115379407254696975e-02
7.461868341266542082e-02
7.461868341266542082e-02
4.226083001658126337e-02
2.291641648113174057e-02
5.892385919872938915e-02
2.877549623746517016e-02
2.095425535400541328e-02
7.813632495150485413e-02
6.764192852267075784e-02
7.190266541969481118e-02
4.724469370779205146e-02
8.733181186740829327e-02
7.416875044888554536e-02
7.139054357347529578e-02
7.139054357347529578e-02
9.864386095620480965e-02
9.864386095620480965e-02
2.152469878766949396e-02
5.076819204533616903e-02
-9.976303925371610148e-02
-9.475392197479171053e-03
5.866119599462871204e-02
7.504520748242882178e-02
8.115379407254696975e-02
7.461868341266542082e-02
4.226083001658126337e-02
6.218822143895552657e-02
5.892385919872938915e-02
4.835062409361179370e-02
8.034996911040109824e-02
3.343027612847992991e-02
4.030736311355892498e-02
4.873636890231852759e-02
8.733181186740829327e-02
8.733181186740829327e-02
7.190266541969481118e-02
2.766722464389503866e-02
3.888416479902601086e-02
8.477646718145526172e-02
5.864435930566619382e-02
8.132678846952096086e-02
8.603582906679607678e-02
7.675184164483916938e-02
5.763149413743628990e-02
7.482292711158555765e-02
4.730173038189916523e-02
8.302001622320481777e-02
4.405609174710239939e-02
7.461868341266542082e-02
1.228474342290042376e-02
7.461868341266542082e-02
8.034996911040109824e-02
8.034996911040109824e-02
8.034996911040109824e-02
4.873636890231852759e-02
6.764192852267075784e-02
7.813632495150485413e-02
6.560255126040609452e-02
8.733181186740829327e-02
8.733181186740829327e-02
5.577406459971162578e-02
6.991594773619952408e-02
5.577406459971162578e-02
9.864386095620480965e-02
7.800652146672354403e-02
8.603582906679607678e-02
5.914147229887428692e-02
4.015379672612767736e-02
7.482292711158555765e-02
8.424968198348553594e-02
8.113413520119111544e-02
8.115379407254696975e-02
7.461868341266542082e-02
5.480714853142570897e-02
4.064470035060768760e-02
5.892385919872938915e-02
8.454592590229625948e-03
4.264857537798549814e-02
4.873636890231852759e-02
6.053559806321673342e-02
4.277810700461631699e-02
4.241813374155944949e-02
4.206328098106704161e-02
8.733181186740829327e-02
7.528246469094512783e-02
7.528246469094512783e-02
8.477646718145526172e-02
8.551320891566194238e-02
8.132678846952096086e-02
5.107292523840650800e-02
7.675184164483916938e-02
5.002643392667649458e-02
6.585521627339541162e-02
8.917818272766947496e-02
7.952002754612591540e-02
8.611654915217886730e-02
5.480714853142570897e-02
7.461868341266542082e-02
7.461868341266542082e-02
-5.985492166623507249e-02
-1.305526256761957438e-02
6.696638476704325216e-02
1.939888935220368538e-02
2.095425535400541328e-02
6.764192852267075784e-02
8.733181186740829327e-02
8.733181186740829327e-02
8.733181186740829327e-02
3.888416479902601086e-02
8.477646718145526172e-02
7.528246469094512783e-02
3.595089061206441228e-02
8.551320891566194238e-02
6.660335160324792891e-02
8.544785196673870820e-02
7.376489648088968565e-02
7.482292711158555765e-02
8.424968198348553594e-02
4.738668647867538830e-03
5.142710229641384023e-02
8.925950603474452905e-02
5.508556229435013218e-02
3.047018258365508103e-03
7.677444926314497264e-02
6.398330780781558147e-02
9.801538663293096754e-02
6.202301317127234537e-02
9.509209219483583109e-02
6.680833907196231936e-02
8.769687507320700348e-02
8.478637054101756387e-02
6.392526171660001255e-02
-7.366356847898325455e-03
9.318315543710531390e-02
4.620175300467294077e-02
6.912465550811497383e-02
8.562663594033537162e-02
9.029088582971905863e-02
1.001706848747359602e-01
9.374880601002971714e-02
8.625403963336469859e-02
1.074415200555497996e-01
1.011280603932752653e-01
1.078905820506232960e-01
1.433224059070159484e-02
5.142134112035756655e-02
5.793619473159089539e-02
8.779399522300257441e-02
7.743845949820837848e-02
6.398330780781558147e-02
6.107628939562609327e-02
6.202301317127234537e-02
6.092178181109153545e-02
7.482378654571175680e-02
9.143060799298907693e-02
1.025714036055137557e-01
2.661461808805576368e-02
8.210231946003659909e-02
1.023065264745053327e-01
2.457116779939527706e-02
1.027789946346311933e-01
9.029088582971905863e-02
1.060268829393857803e-01
1.032431230899436003e-01
1.042291817644579455e-01
1.075673197477424181e-01
9.576866925687815835e-02
9.101352477533014573e-02
5.793619473159089539e-02
5.142134112035756655e-02
5.793619473159089539e-02
6.117008231404219565e-02
-4.224232751915812933e-02
2.963975201181645591e-02
9.509209219483583109e-02
9.509209219483583109e-02
9.509209219483583109e-02
8.162322555949608205e-02
8.769687507320700348e-02
1.025714036055137557e-01
8.944316901531301767e-02
5.631934317161607639e-02
7.165974412154058060e-02
6.315995392029072342e-02
4.464587952966225792e-02
9.029088582971905863e-02
4.993142279385581750e-02
4.708688291841911511e-02
9.475804533858794843e-02
1.121134155789280662e-01
9.880670160619631215e-02
9.586718723512704932e-02
8.925950603474452905e-02
3.239765526072257984e-02
6.078027513840933427e-02
7.743845949820837848e-02
7.177598894358144799e-02
8.516223498897945721e-02
9.509209219483583109e-02
6.680833907196231936e-02
8.499612751821777890e-02
1.025714036055137557e-01
7.329354925128556131e-02
8.769687507320700348e-02
1.023065264745053327e-01
5.935818155069166879e-02
8.210231946003659909e-02
2.782081274012448979e-02
4.967763362553706541e-02
9.029088582971905863e-02
1.060268829393857803e-01
7.956808222010963716e-02
1.042291817644579455e-01
6.471187622228052883e-02
1.034565136609011393e-01
9.101352477533014573e-02
4.094558567158740336e-02
5.152611940579177041e-02
5.152611940579177041e-02
7.677444926314497264e-02
7.177598894358144799e-02
7.177598894358144799e-02
9.509209219483583109e-02
6.680833907196231936e-02
8.499612751821777890e-02
6.530306616287018251e-02
7.329354925128556131e-02
8.769687507320700348e-02
1.023065264745053327e-01
7.165974412154058060e-02
7.443633368766139347e-02
6.315995392029072342e-02
1.104751270312953615e-02
4.492849221404188187e-02
1.060268829393857803e-01
6.600086312769543051e-02
7.595484853557515903e-02
1.121134155789280662e-01
9.958590078378637411e-02
7.170759554481381803e-02
7.722646956355361247e-02
5.793619473159089539e-02
5.152611940579177041e-02
7.677444926314497264e-02
7.177598894358144799e-02
5.703939019194531612e-02
8.499612751821777890e-02
8.368045342180602253e-02
6.701552764051116329e-02
1.025714036055137557e-01
1.025714036055137557e-01
5.927219784337084407e-02
9.318315543710531390e-02
7.165974412154058060e-02
9.318315543710531390e-02
6.912465550811497383e-02
2.782081274012448979e-02
3.220991266377837281e-02
5.636616443364506068e-02
8.522398670806635712e-02
1.042291817644579455e-01
1.121134155789280662e-01
9.958590078378637411e-02
7.170759554481381803e-02
7.722646956355361247e-02
3.239765526072257984e-02
2.363636453486595013e-02
6.398330780781558147e-02
7.853657680861914070e-02
5.703939019194531612e-02
9.509209219483583109e-02
9.509209219483583109e-02
5.513366600888408575e-02
9.143060799298907693e-02
7.482378654571175680e-02
9.143060799298907693e-02
4.742674212055875138e-02
9.318315543710531390e-02
7.165974412154058060e-02
6.315995392029072342e-02
6.315995392029072342e-02
1.248169925443165518e-02
4.138599224460937087e-02
6.030498500663816763e-02
1.042291817644579455e-01
1.121134155789280662e-01
2.932951394960203739e-02
7.704699792782010448e-02
2.996816203222452124e-02
4.908425621657486193e-02
7.501473411655301682e-02
3.984235086746257259e-02
1.995165881815297304e-02
5.944534983545418649e-02
8.983670899968682066e-02
9.982153968723961324e-02
7.184912742291327259e-02
8.234058697240803637e-02
9.213159517099100970e-02
1.068503973155898734e-01
1.113999907214732188e-01
1.113999907214732188e-01
9.880770687995882318e-02
1.154809128634999293e-01
9.732749594053652364e-02
6.975233369605698952e-02
1.027949082460766772e-01
9.329637909997001710e-02
1.103108863990959754e-01
1.042478571363112394e-01
1.036097246237815961e-01
8.662283618958266374e-02
5.563075599314237785e-02
6.869161283216168590e-02
4.487010626550735903e-02
6.635364793647080539e-02
6.635364793647080539e-02
6.355485316218539849e-02
6.030450275986765085e-02
6.618017479242216394e-02
-1.173942288283380542e-02
1.068503973155898734e-01
7.939327928994843742e-02
9.582623839868636972e-02
9.162155337912175623e-02
9.880770687995882318e-02
1.024688793799085618e-01
1.154809128634999293e-01
-1.747586918753862850e-02
7.455950082598256090e-02
9.445664719514801355e-02
6.586596378057091306e-02
8.400830323533753363e-02
9.769147459824223390e-02
1.036097246237815961e-01
5.316537806121901522e-02
8.710622154986275012e-02
8.710622154986275012e-02
4.251765151488123839e-02
6.635364793647080539e-02
7.973978009034177195e-02
6.909767482891226997e-02
-1.610496793737370425e-02
3.938508580227562117e-02
-6.607219124346697114e-03
4.182817156600027175e-02
8.612153271463934834e-02
9.213159517099100970e-02
1.024688793799085618e-01
1.113999907214732188e-01
1.113999907214732188e-01
1.154809128634999293e-01
8.281929412626964915e-02
8.623200367449712633e-02
1.120814504598663386e-01
5.714458644731046366e-02
8.400830323533753363e-02
9.948795974375562734e-02
9.939415350073887989e-02
1.078905820506232960e-01
7.786859803153778348e-02
8.710622154986275012e-02
8.710622154986275012e-02
1.002111558342988484e-01
1.002111558342988484e-01
7.410635574063639819e-02
8.983670899968682066e-02
9.982153968723961324e-02
7.184912742291327259e-02
1.068503973155898734e-01
1.068503973155898734e-01
1.068503973155898734e-01
8.139903774773254996e-02
1.024688793799085618e-01
1.113999907214732188e-01
1.154809128634999293e-01
1.154809128634999293e-01
6.975233369605698952e-02
1.027949082460766772e-01
7.841422605601411355e-02
1.009827210709665635e-01
6.895871393306640673e-02
1.059246944062657847e-01
8.662283618958266374e-02
8.710622154986275012e-02
4.574038838966321130e-02
7.501473411655301682e-02
9.004219606646229890e-02
1.002111558342988484e-01
6.635364793647080539e-02
7.741624630564070131e-02
9.982153968723961324e-02
8.307543340574274904e-02
7.787906255884147200e-02
1.068503973155898734e-01
1.068503973155898734e-01
1.113999907214732188e-01
1.113999907214732188e-01
8.520672527150968678e-02
8.749097767935209990e-02
1.154809128634999293e-01
6.975233369605698952e-02
1.027949082460766772e-01
9.329637909997001710e-02
1.045172385199696352e-01
6.347010447652118303e-02
1.036097246237815961e-01
6.194842050118326560e-02
7.501473411655301682e-02
8.710622154986275012e-02
8.710622154986275012e-02
5.944534983545418649e-02
6.355485316218539849e-02
9.068659818152274843e-02
3.396030046650222456e-02
6.307630144027970287e-02
9.982153968723961324e-02
8.612153271463934834e-02
7.787906255884147200e-02
9.213159517099100970e-02
1.113999907214732188e-01
8.139903774773254996e-02
8.411711535996546640e-02
4.381716746995406586e-02
1.154809128634999293e-01
1.033611726124213370e-01
9.445664719514801355e-02
8.356823006131691711e-02
1.103108863990959754e-01
1.042478571363112394e-01
1.036097246237815961e-01
8.662283618958266374e-02
8.710622154986275012e-02
8.710622154986275012e-02
5.563075599314237785e-02
8.742393570785994550e-02
3.967942044356309594e-02
2.998461561726889490e-02
8.889467476489004705e-02
6.020294390962505071e-02
4.265094480141523592e-02
8.145612002954444320e-02
9.654979435191063386e-02
9.654979435191063386e-02
9.611037677163830617e-02
9.611037677163830617e-02
8.577039877203451734e-02
1.062895776664313230e-01
1.062895776664313230e-01
-2.033978992928020535e-02
1.173845391166193908e-01
9.895590664631465083e-02
2.450978801411968222e-02
5.309903646230446084e-02
2.177131561442147145e-02
9.402346478900097670e-02
6.053623386208079049e-02
7.301035397917654546e-02
3.435997490248204889e-02
7.813196127108057443e-02
9.119005453744966072e-02
9.119005453744966072e-02
2.608310242173400573e-02
7.368802287686454511e-02
5.503253024286092199e-02
7.690845234509463557e-02
7.068011346211089396e-02
7.690845234509463557e-02
8.668777358383611409e-02
8.668777358383611409e-02
5.493172756526681910e-02
9.330829710931115573e-02
8.001649423683215856e-02
6.090309317310849124e-02
5.725335126080449699e-02
8.030582844719269531e-02
5.805574662618001591e-02
8.343832670374518035e-02
1.019227329795223125e-01
1.006355168731673522e-01
3.758372827973954777e-02
4.053885365619519510e-02
4.053885365619519510e-02
9.119005453744966072e-02
6.961043352906498560e-02
7.028503131017505012e-02
5.524504672477592582e-02
8.404360817599898503e-02
5.503253024286092199e-02
2.693190430062619711e-02
7.690845234509463557e-02
6.676184945873037124e-02
7.723418112602536967e-02
8.668777358383611409e-02
8.668777358383611409e-02
9.330829710931115573e-02
9.330829710931115573e-02
4.518301322351819804e-02
3.607977252229749299e-02
1.010739193931778912e-01
7.723525675018733105e-02
8.357127770912115006e-02
9.812624139959902347e-02
8.547171092930477831e-02
6.038995359570237254e-02
3.389381025712573381e-02
6.053623386208079049e-02
9.119005453744966072e-02
9.119005453744966072e-02
9.119005453744966072e-02
5.503253024286092199e-02
7.368802287686454511e-02
5.012414831641470725e-02
6.213828919056207933e-02
6.370749999529351504e-02
4.246985525619045854e-02
5.493172756526681910e-02
7.723418112602536967e-02
5.780881609680993405e-02
6.383331988603174745e-02
2.567370842629457250e-02
-8.662384959336710821e-02
-9.312584309253768566e-02
-9.258007950075974879e-02
2.313369271668780369e-02
7.841528815432902144e-02
4.022972427895815661e-02
7.960290061914326865e-02
4.767613766002687381e-02
7.301035397917654546e-02
7.301035397917654546e-02
9.119005453744966072e-02
9.119005453744966072e-02
9.119005453744966072e-02
8.404360817599898503e-02
8.404360817599898503e-02
8.404360817599898503e-02
9.216181924002003756e-02
9.216181924002003756e-02
9.216181924002003756e-02
5.493172756526681910e-02
7.612520726917043623e-02
8.668777358383611409e-02
9.330829710931115573e-02
9.330829710931115573e-02
4.083772095993842832e-02
1.114112510739354023e-01
4.907896008740397775e-02
3.224283670642191790e-02
4.144100113803528274e-02
3.491147393279714350e-02
1.085871438964646218e-01
4.767613766002687381e-02
7.301035397917654546e-02
7.301035397917654546e-02
9.119005453744966072e-02
9.119005453744966072e-02
9.119005453744966072e-02
8.404360817599898503e-02
8.404360817599898503e-02
8.404360817599898503e-02
5.410676969851546669e-02
9.216181924002003756e-02
9.216181924002003756e-02
8.668777358383611409e-02
8.668777358383611409e-02
5.493172756526681910e-02
9.330829710931115573e-02
9.330829710931115573e-02
8.057287506893268114e-02
1.114112510739354023e-01
3.859266719394388589e-02
4.462525535423295109e-02
8.837580465793121176e-02
1.019227329795223125e-01
1.006355168731673522e-01
1.406417207956112136e-02
3.389381025712573381e-02
7.301035397917654546e-02
9.119005453744966072e-02
9.119005453744966072e-02
8.146373709541959718e-02
7.233851584433625970e-02
8.404360817599898503e-02
8.404360817599898503e-02
3.589161240156579780e-02
9.216181924002003756e-02
9.216181924002003756e-02
8.668777358383611409e-02
8.668777358383611409e-02
8.668777358383611409e-02
7.577869438198814311e-02
9.330829710931115573e-02
-3.716985569530206757e-02
1.114112510739354023e-01
1.103999900380178700e-01
7.723525675018733105e-02
8.837580465793121176e-02
1.019227329795223125e-01
1.006355168731673522e-01
7.301035397917654546e-02
7.301035397917654546e-02
7.301035397917654546e-02
2.954245030122482074e-02
1.669794350976594455e-02
2.342973277088999939e-02
7.368802287686454511e-02
7.368802287686454511e-02
8.404360817599898503e-02
9.216181924002003756e-02
7.068011346211089396e-02
5.493650443566777675e-02
8.668777358383611409e-02
5.896216954273447719e-02
7.723418112602536967e-02
9.330829710931115573e-02
9.330829710931115573e-02
4.518301322351819804e-02
1.021089535501352730e-01
1.103999900380178700e-01
7.723525675018733105e-02
8.837580465793121176e-02
1.988153155462202282e-02
5.864997391942466942e-02
4.747450222844223910e-02
6.673141057186449121e-02
6.673141057186449121e-02
8.570571077825989148e-02
4.355136817553134643e-02
8.570571077825989148e-02
7.994807809109460983e-02
5.680299286188811303e-02
3.542339045106840389e-02
8.839339522369310531e-02
6.671854448940106597e-02
2.825471564259646184e-02
1.136833426582883888e-03
6.241275701470472281e-02
6.241275701470472281e-02
5.766990391104898084e-02
7.457903678377242329e-02
-1.732908494707297020e-02
3.024573293062343682e-02
6.306505296276854189e-02
6.845858726711895326e-02
7.667392893764723993e-02
1.001824255841041178e-01
5.819115335721247728e-02
4.529484074993761489e-03
5.408684837624938568e-02
6.673141057186449121e-02
6.453705323511177427e-02
8.570571077825989148e-02
6.453705323511177427e-02
6.813420632183164738e-02
6.949625478606130669e-02
7.994807809109460983e-02
8.839339522369310531e-02
8.839339522369310531e-02
8.839339522369310531e-02
5.151501066332947465e-02
7.285969851022489063e-02
8.349762508002472883e-02
9.215459466506548125e-02
9.215459466506548125e-02
7.938578577104055123e-02
1.033323423797897767e-01
8.423923912655134627e-02
5.814654167690203046e-02
6.363615774392661351e-02
1.001824255841041178e-01
1.085871438964646218e-01
6.673141057186449121e-02
5.393856938672136891e-02
5.408684837624938568e-02
6.453705323511177427e-02
6.385394806692162861e-02
7.248294123062265504e-02
5.680299286188811303e-02
7.994807809109460983e-02
7.994807809109460983e-02
6.999141600953018294e-02
8.839339522369310531e-02
8.839339522369310531e-02
8.349762508002472883e-02
7.007357954782972298e-02
7.397658451175176397e-02
5.766990391104898084e-02
7.457903678377242329e-02
3.761440783206437821e-02
2.851688163420884603e-02
5.484569618050921802e-02
6.845858726711895326e-02
7.667392893764723993e-02
7.994911465583254273e-02
1.068739499900143719e-01
2.555625374070014111e-02
5.408684837624938568e-02
6.673141057186449121e-02
4.651111114669814750e-02
7.585673425008959692e-02
7.248294123062265504e-02
5.066739026062966333e-02
2.144892547781118708e-02
5.649488445669215153e-02
8.839339522369310531e-02
8.839339522369310531e-02
8.839339522369310531e-02
8.349762508002472883e-02
3.867724753717044495e-02
-6.638093992924931630e-02
9.215459466506548125e-02
9.215459466506548125e-02
6.567347920875810097e-02
1.033323423797897767e-01
1.359208651319820937e-02
6.845858726711895326e-02
3.909758386114819961e-02
3.887538095890574752e-02
7.806686519228761556e-02
6.673141057186449121e-02
6.673141057186449121e-02
3.381623085861462652e-02
7.248294123062265504e-02
7.519038295722052512e-02
8.570571077825989148e-02
7.994807809109460983e-02
7.994807809109460983e-02
7.994807809109460983e-02
8.839339522369310531e-02
8.839339522369310531e-02
8.839339522369310531e-02
6.324811948910286086e-02
8.349762508002472883e-02
8.349762508002472883e-02
9.215459466506548125e-02
5.766990391104898084e-02
3.761440783206437821e-02
1.033323423797897767e-01
6.107455349589396842e-02
5.814654167690203046e-02
7.667392893764723993e-02
1.001824255841041178e-01
8.306377548050919435e-02
6.673141057186449121e-02
6.673141057186449121e-02
6.673141057186449121e-02
8.570571077825989148e-02
8.570571077825989148e-02
8.570571077825989148e-02
7.994807809109460983e-02
5.208154213910609620e-02
5.649488445669215153e-02
8.839339522369310531e-02
8.839339522369310531e-02
8.839339522369310531e-02
7.007357954782972298e-02
7.397658451175176397e-02
8.349762508002472883e-02
9.215459466506548125e-02
3.109655464820448856e-03
2.078879621077234230e-02
1.033323423797897767e-01
1.023004347376157419e-01
3.938176163376150285e-02
7.667392893764723993e-02
1.001824255841041178e-01
8.306377548050919435e-02
6.673141057186449121e-02
4.594949671313575124e-02
6.673141057186449121e-02
-5.930000495291543050e-02
7.519038295722052512e-02
7.519038295722052512e-02
6.949625478606130669e-02
7.994807809109460983e-02
7.994807809109460983e-02
8.839339522369310531e-02
8.839339522369310531e-02
8.839339522369310531e-02
8.349762508002472883e-02
8.349762508002472883e-02
5.396966465099706234e-02
9.215459466506548125e-02
9.215459466506548125e-02
4.390314677742784832e-02
9.384012270193270444e-02
9.638982728031342262e-02
3.938176163376150285e-02
7.160552742046466523e-02
4.328045194454582800e-02
5.478255932234599168e-02
2.828577396029985369e-02
-1.279733750514377988e-04
6.156595254652452720e-02
7.732909468089821381e-02
7.732909468089821381e-02
7.732909468089821381e-02
7.188869011492926564e-02
7.188869011492926564e-02
4.207745050734995607e-02
6.478462799716661058e-02
6.171669301009885533e-02
8.046372624137249074e-02
4.274602271022759359e-02
6.561597803293178766e-02
7.531012386133500991e-02
8.648277022063283193e-02
8.648277022063283193e-02
1.520365617026964156e-02
1.299983768993612232e-02
6.195194930940967071e-02
6.213234995683603046e-03
6.534867109795172713e-02
6.298709739138597108e-02
7.082506717062236890e-02
4.878117386140917722e-02
2.828577396029985369e-02
4.878117386140917722e-02
7.732909468089821381e-02
7.732909468089821381e-02
7.732909468089821381e-02
5.986075675332686030e-02
6.124748487116976614e-02
2.655723685895677866e-02
6.014050247016528017e-02
5.838245214201193134e-02
6.478462799716661058e-02
4.274602271022759359e-02
8.058626618599129543e-03
2.997901685449189113e-02
8.648277022063283193e-02
6.868128791061423044e-02
7.354982509409829783e-02
1.023201776655849882e-01
1.012856833168256920e-01
6.735900371006775522e-02
6.741742202265810224e-02
7.542133843668080706e-02
7.534142423752226980e-02
6.156595254652452720e-02
1.151760375462940189e-03
3.130753315224599209e-02
7.732909468089821381e-02
7.732909468089821381e-02
7.732909468089821381e-02
3.541630567027720389e-02
7.188869011492926564e-02
1.697919125705160681e-03
-1.985318967368454590e-02
8.046372624137249074e-02
2.439183914107295736e-02
3.563219807029854858e-02
7.531012386133500991e-02
4.569632080171792676e-02
5.155479714744332087e-02
6.868128791061423044e-02
3.761107568860283523e-02
-2.892359018081380739e-02
5.371198887673961364e-02
6.735900371006775522e-02
7.239592178632975328e-02
8.044752005627142655e-02
6.281796378907467115e-02
2.440756870678495449e-02
6.156595254652452720e-02
2.147524075935225429e-02
7.732909468089821381e-02
5.575777028258405155e-02
6.385480370260437910e-02
7.188869011492926564e-02
7.188869011492926564e-02
7.188869011492926564e-02
8.046372624137249074e-02
8.046372624137249074e-02
5.838245214201193134e-02
6.561597803293178766e-02
7.531012386133500991e-02
4.274602271022759359e-02
6.868128791061423044e-02
8.648277022063283193e-02
3.761107568860283523e-02
9.280416362266447061e-02
3.855582753190756051e-02
6.735900371006775522e-02
3.446472462275068649e-02
1.007205230883945202e-02
7.534142423752226980e-02
2.147524075935225429e-02
6.156595254652452720e-02
1.151760375462940189e-03
6.150224775200724414e-02
7.732909468089821381e-02
7.732909468089821381e-02
7.188869011492926564e-02
3.339064410100006652e-02
5.404174212437795610e-02
8.046372624137249074e-02
8.046372624137249074e-02
5.369911145380429351e-02
4.274602271022759359e-02
4.569632080171792676e-02
3.463376677148827243e-02
6.868128791061423044e-02
8.648277022063283193e-02
5.966125413966860691e-02
7.548791837911716929e-02
3.808040487618130632e-02
3.820929053012128707e-02
7.239592178632975328e-02
8.044752005627142655e-02
7.534142423752226980e-02
2.828577396029985369e-02
4.878117386140917722e-02
6.156595254652452720e-02
5.575777028258405155e-02
6.385480370260437910e-02
7.732909468089821381e-02
7.188869011492926564e-02
1.232956139868124357e-02
2.184480011632761176e-02
6.872032015303836117e-02
4.284259925422495563e-02
5.838245214201193134e-02
7.531012386133500991e-02
4.274602271022759359e-02
6.561597803293178766e-02
5.155479714744332087e-02
6.868128791061423044e-02
7.354982509409829783e-02
1.023201776655849882e-01
1.012856833168256920e-01
6.735900371006775522e-02
7.239592178632975328e-02
8.044752005627142655e-02
7.534142423752226980e-02
6.156595254652452720e-02
6.156595254652452720e-02
-1.804225843799400764e-02
5.506167119594340686e-02
6.385480370260437910e-02
7.732909468089821381e-02
7.188869011492926564e-02
7.188869011492926564e-02
-1.523972022187207731e-01
-1.332588232673814765e-02
-6.637714370580249934e-03
1.359892151192243492e-02
-2.923557514560071180e-02
-8.431945603248003351e-03
-4.829714472858070984e-02
-1.758879894299225644e-02
-2.533795746493128220e-02
-5.955308081152288491e-02
-1.417072350930137503e-02
-1.816254960242813521e-02
-1.061338821249924180e-04
-7.520239366027081651e-03
-8.519000937937992735e-02
-4.976606789995730029e-02
-2.876147946942775313e-02
-2.876147946942775313e-02
-5.735951008340178792e-02
-2.874814669173242354e-02
-3.335917323696357961e-02
-2.874814669173242354e-02
-3.980836711173629805e-02
-4.440805808685022171e-02
-7.722665844695808524e-02
-2.144923909231111203e-02
-8.575910029948952129e-03
-8.575910029948952129e-03
-3.568660156016600915e-02
-3.568660156016600915e-02
-7.755549681887474733e-02
-2.661914507296547772e-02
-3.665904999534974618e-02
-2.626260151493098327e-02
-6.187607952222751173e-02
-1.059870047712460073e-01
-4.283612104543721433e-02
-4.752923233786710000e-02
-4.507110652881762825e-02
-2.782038341810844084e-02
-4.278321971179011030e-02
-2.876147946942775313e-02
-2.876147946942775313e-02
-5.192750238705279298e-02
-3.695576085195340088e-02
-9.015247399610193391e-02
-2.118638122758764730e-02
-2.118638122758764730e-02
-3.011278982285303663e-02
-5.936667416320040580e-03
-2.019125119370679400e-02
-9.780016136000435623e-03
-3.568660156016600915e-02
-3.568660156016600915e-02
-3.568660156016600915e-02
-3.665904999534974618e-02
-2.661914507296547772e-02
-7.878566857878521734e-02
-7.147853055175623638e-02
-5.763653547940073008e-02
-2.454293276917152156e-02
-4.752923233786710000e-02
-4.507110652881762825e-02
-2.782038341810844084e-02
-3.698558613612812351e-02
-2.876147946942775313e-02
-3.698558613612812351e-02
-3.335917323696357961e-02
-8.801142466476130632e-02
-7.679152203559946877e-02
-2.920286478106604022e-02
-7.037225733311958109e-02
-3.704852173740713628e-02
-8.575910029948952129e-03
-1.423733303891172586e-02
-5.375520867505845235e-02
-3.568660156016600915e-02
-7.631953614522024587e-02
-6.770572808086805505e-02
-7.917567363982080941e-02
-6.674729119411448863e-02
-5.353189277715542094e-02
-5.116434415306747585e-02
-6.355639820693459452e-02
-3.701232014505284607e-02
-5.029589001662271297e-02
-4.817480018242437101e-02
-4.429117861670606171e-02
-5.735951008340178792e-02
-3.745856637719280346e-02
-2.876147946942775313e-02
-3.335917323696357961e-02
-2.874814669173242354e-02
-5.939956006106550390e-02
-2.920286478106604022e-02
-2.118638122758764730e-02
-4.440805808685022171e-02
-9.780016136000435623e-03
-2.492326040566328338e-02
-8.575910029948952129e-03
-3.568660156016600915e-02
-3.568660156016600915e-02
-3.568660156016600915e-02
-7.357097848140725649e-02
-2.661914507296547772e-02
-2.516563443658237365e-02
-3.928512688658691854e-02
-4.303263288001135667e-02
-2.454293276917152156e-02
-1.096020351538155024e-01
-5.728367134160183838e-02
-4.429117861670606171e-02
-2.876147946942775313e-02
-2.876147946942775313e-02
-2.876147946942775313e-02
-3.335917323696357961e-02
-4.419625977808083750e-02
-3.597752899190220788e-02
-4.440805808685022171e-02
-2.920286478106604022e-02
-2.118638122758764730e-02
-8.575910029948952129e-03
-8.575910029948952129e-03
-8.575910029948952129e-03
-3.568660156016600915e-02
-7.755549681887474733e-02
-5.361229343802176306e-02
-3.665904999534974618e-02
-2.661914507296547772e-02
-2.516563443658237365e-02
-4.654527271349306883e-02
-4.280202783438313840e-02
-3.822319475139002165e-02
-4.752923233786710000e-02
-6.363529905979592449e-02
-2.782038341810844084e-02
-4.278321971179011030e-02
-7.017750977875281126e-02
-3.745856637719280346e-02
-2.968373387469391833e-02
-5.721434321165819181e-02
-2.874814669173242354e-02
-7.037225733311958109e-02
-2.920286478106604022e-02
-3.980836711173629805e-02
-3.314846096633583539e-02
-8.575910029948952129e-03
-8.575910029948952129e-03
-3.568660156016600915e-02
-3.568660156016600915e-02
-3.568660156016600915e-02
-2.552147913658664447e-02
-3.665904999534974618e-02
-4.554438148940653797e-02
-6.187607952222751173e-02
-4.991483931357498793e-02
-4.837188638528799878e-02
-4.325268421432770793e-02
-5.221759640758860677e-02
-2.782038341810844084e-02
-7.209564274157287400e-02
-4.649889304933407796e-02
-2.876147946942775313e-02
-3.597752899190220788e-02
-3.335917323696357961e-02
-4.067929292109973005e-02
-4.462469776765032314e-02
-3.011278982285303663e-02
-3.011278982285303663e-02
-3.099824426421571300e-02
-3.314846096633583539e-02
-8.575910029948952129e-03
-3.568660156016600915e-02
-3.568660156016600915e-02
-3.568660156016600915e-02
-2.552147913658664447e-02
-3.665904999534974618e-02
-4.301574723216983198e-02
-3.072465109717981147e-02
-5.266738463757214550e-02
-3.822319475139002165e-02
-3.619146693937824733e-02
-2.475828761432652403e-02
-2.108493164494562588e-02
-7.615288879934567490e-03
3.359098130020776729e-03
3.359098130020776729e-03
1.365636709342077371e-02
1.604349992875286901e-02
2.024733389972799280e-02
5.422147772342622574e-04
1.474065220121678621e-02
7.416686913096492972e-04
3.107187422664675625e-02
3.218157811295113691e-02
3.218157811295113691e-02
1.616724038867467517e-02
-3.692638933609382335e-03
1.616724038867467517e-02
2.383044493997521496e-02
2.383044493997521496e-02
-1.288170265880539400e-02
-2.060357653456312832e-02
-1.302352016499241927e-02
-3.038482648113427498e-02
5.400267798106650474e-03
-4.920078889338319605e-03
1.391074193828212291e-02
-7.615288879934567490e-03
-5.511682553591801259e-03
-4.840302178171884684e-03
1.604349992875286901e-02
2.024733389972799280e-02
1.365636709342077371e-02
7.416686913096492972e-04
1.474065220121678621e-02
2.212119770404152863e-02
3.218157811295113691e-02
2.147688260032748486e-02
3.107187422664675625e-02
1.616724038867467517e-02
-4.436227667599590418e-02
1.616724038867467517e-02
1.367632533900764447e-02
2.282970327545597033e-02
2.415486843312586451e-02
2.441310008452579616e-02
1.782777043216554613e-02
1.877002764509239086e-02
5.400267798106650474e-03
-4.920078889338319605e-03
-1.239243688254854092e-02
-1.598472988358068392e-02
3.359098130020776729e-03
3.359098130020776729e-03
1.365636709342077371e-02
1.365636709342077371e-02
1.365636709342077371e-02
2.212119770404152863e-02
2.212119770404152863e-02
2.212119770404152863e-02
3.218157811295113691e-02
2.147688260032748486e-02
3.107187422664675625e-02
-2.188948630779574689e-02
-3.407146408833650053e-02
1.616724038867467517e-02
2.383044493997521496e-02
2.383044493997521496e-02
2.415486843312586451e-02
2.441310008452579616e-02
1.782777043216554613e-02
1.877002764509239086e-02
1.486877394229924043e-03
7.237437711548722064e-03
-3.840791087019734817e-02
-3.513594408120923607e-02
-3.171803123722949369e-02
-4.840302178171884684e-03
1.604349992875286901e-02
-4.425512582102719694e-02
1.365636709342077371e-02
2.212119770404152863e-02
2.212119770404152863e-02
2.212119770404152863e-02
3.218157811295113691e-02
2.147688260032748486e-02
3.107187422664675625e-02
1.616724038867467517e-02
1.616724038867467517e-02
1.616724038867467517e-02
2.383044493997521496e-02
2.383044493997521496e-02
2.415486843312586451e-02
2.441310008452579616e-02
2.747554980167643546e-02
1.877002764509239086e-02
-5.098056995469779640e-02
-6.904952703360001109e-03
7.349339403872945375e-03
-7.615288879934567490e-03
3.359098130020776729e-03
3.359098130020776729e-03
1.939436696406593441e-02
2.024733389972799280e-02
1.365636709342077371e-02
2.212119770404152863e-02
2.212119770404152863e-02
2.212119770404152863e-02
-7.184371029429592603e-03
3.107187422664675625e-02
2.147688260032748486e-02
-2.447024018763543918e-02
-1.263148251758883234e-04
1.616724038867467517e-02
1.367632533900764447e-02
2.282970327545597033e-02
2.415486843312586451e-02
2.441310008452579616e-02
1.782777043216554613e-02
1.877002764509239086e-02
5.400267798106650474e-03
-4.920078889338319605e-03
-1.209566321415878054e-02
-2.360242398844469847e-02
-4.840302178171884684e-03
3.359098130020776729e-03
-4.326421173392458464e-02
1.365636709342077371e-02
1.604349992875286901e-02
1.409728066591575679e-02
1.390291042450542136e-02
-2.472191538942092315e-02
-5.599621344399841050e-03
4.628836835754435164e-03
3.107187422664675625e-02
-2.076606002023273501e-02
-2.447024018763543918e-02
-1.263148251758883234e-04
2.383044493997521496e-02
2.383044493997521496e-02
2.415486843312586451e-02
2.441310008452579616e-02
1.782777043216554613e-02
1.877002764509239086e-02
1.486877394229924043e-03
7.237437711548722064e-03
1.112555144198479340e-02
-3.513594408120923607e-02
-1.336330052093148701e-02
-4.840302178171884684e-03
1.604349992875286901e-02
2.024733389972799280e-02
1.365636709342077371e-02
2.212119770404152863e-02
2.212119770404152863e-02
7.416686913096492972e-04
2.563128457166607976e-02
-2.689004906253722460e-02
-1.502037544528522783e-02
1.616724038867467517e-02
1.616724038867467517e-02
-2.188948630779574689e-02
-1.498399969440677992e-04
2.282970327545597033e-02
2.121068112830082342e-02
5.228852392623606349e-03
5.237768054653701988e-03
1.877002764509239086e-02
-7.277028368173121819e-03
-1.103407787742716195e-02
-1.239243688254854092e-02
-1.598472988358068392e-02
3.359098130020776729e-03
-2.360242398844469847e-02
1.000617128335545836e-03
9.369808615567798427e-03
-1.734207570520351904e-02
2.212119770404152863e-02
-1.116611610179685243e-02
-2.679904920375875133e-02
1.270053483907002123e-02
3.218157811295113691e-02
2.147688260032748486e-02
-5.830987203952808784e-03
1.616724038867467517e-02
-1.207931288824570792e-03
-1.498399969440677992e-04
-1.997626743034730534e-02
2.315476391723736427e-02
-7.106563002846177923e-02
-1.162002399415337228e-01
-4.385153540300346098e-02
-5.098102547609983937e-02
-4.298193514788828384e-02
-7.372293912601546317e-02
-1.004562641629248576e-01
-8.717620301410700101e-02
-2.360242398844469847e-02
1.365636709342077371e-02
1.604349992875286901e-02
2.024733389972799280e-02
1.409728066591575679e-02
-9.729579553036105111e-04
-3.109630902165194666e-02
-1.328475272646638672e-01
-1.810183550859152390e-01
-4.958275981981385971e-02
-9.111774749982504140e-02
-9.111774749982504140e-02
-8.947683914348503187e-02
-7.745387958425176134e-02
-7.821710642059709340e-02
-6.268830850813489342e-02
5.544207749742069424e-02
3.640755225837766229e-02
3.159025658918090951e-02
6.243802041574947337e-02
6.585705187308332764e-02
6.567450003216229737e-02
2.764220458152033544e-02
3.790027030962223042e-02
3.316259494621592863e-02
4.392135408247360706e-02
-3.730794698474926285e-02
-6.994654908345387945e-02
-9.892100850159857295e-02
-5.622819361767117385e-03
-5.622819361767117385e-03
2.218310043788845887e-02
2.124053233052874967e-02
5.566547018558742899e-03
2.693414844339492298e-02
1.164771205812020760e-02
1.184491870911397182e-02
4.134054634226058678e-02
3.203139260043119663e-02
7.537203506727263580e-03
2.812140482081804116e-02
5.605219386472559684e-02
2.602115854151543228e-02
2.633352482751794010e-02
4.343098647326543160e-02
4.296123321370109993e-02
1.617282097560901466e-02
3.987829963306677161e-02
3.987829963306677161e-02
5.678323778651406251e-03
3.924899537990589327e-02
4.137812170279081547e-02
3.532490084382555739e-02
3.532490084382555739e-02
3.532490084382555739e-02
3.564263625332525498e-02
3.469659092472027195e-02
3.331542939490300670e-02
3.650978808377719487e-02
4.331592612173312817e-02
4.067618853694077163e-02
3.413229634778147670e-02
2.821500952064459611e-02
1.582026747432807579e-02
5.655047004228092034e-02
2.087965042294870344e-02
3.169721906575112547e-02
2.076671736218882458e-02
-1.666020373743071215e-02
5.236313239024015243e-02
3.243083423659753883e-03
-2.085368602576243013e-03
3.269816861203533875e-03
4.137812170279081547e-02
3.924899537990589327e-02
4.230444614625289423e-02
3.558249888003001127e-02
3.223200462980380099e-02
3.558249888003001127e-02
2.794109498605656938e-02
3.365973216972795168e-02
3.469659092472027195e-02
4.067618853694077163e-02
3.549411183814987769e-02
4.067618853694077163e-02
4.073435489369053863e-02
3.203139260043119663e-02
1.445369094663306875e-02
4.730635184296949625e-02
2.815298714708330818e-02
2.292372783992041585e-02
6.116481327636891230e-02
4.183741006897812031e-02
5.079882887787900980e-02
1.505613991345255975e-02
2.863187317725979231e-02
4.056936335215766132e-02
4.230444614625289423e-02
4.220188375077116305e-02
3.924899537990589327e-02
2.607371384721424157e-02
3.532490084382555739e-02
-2.866690946549621533e-02
3.469659092472027195e-02
2.679672804414912068e-02
3.469659092472027195e-02
1.259345862785876680e-02
4.858655388704447020e-03
3.549411183814987769e-02
3.198938803246642593e-02
3.751190543165894287e-02
-3.368450313682158637e-03
5.242593092795583276e-02
3.348582390494503347e-02
3.169721906575112547e-02
5.820700380558652132e-02
4.183540084502912482e-02
5.236313239024015243e-02
1.575592012379944951e-02
4.083312395894156399e-02
7.491502589480059093e-03
4.230444614625289423e-02
4.230444614625289423e-02
4.230444614625289423e-02
2.607371384721424157e-02
1.122640852600187422e-02
1.098282103295122880e-02
3.012167155911643635e-02
-3.714907250694343688e-02
3.469659092472027195e-02
4.298943088073187146e-02
4.067618853694077163e-02
4.067618853694077163e-02
3.413229634778147670e-02
-2.040938328124053402e-02
-5.469336747028763490e-03
2.827530707966069423e-02
1.313658953603769053e-02
-4.915942983525567467e-02
5.357118294841584083e-02
3.903523335500591607e-02
7.460507958054640731e-02
3.559778096423116267e-02
9.099536028266186349e-03
2.284630097908646462e-02
4.605328020802501587e-02
4.447697593323968190e-02
4.447697593323968190e-02
1.184950855049216045e-02
4.216805062219114442e-02
4.216805062219114442e-02
3.626751759405855147e-02
-1.202030451600510919e-02
3.626751759405855147e-02
1.849012907386482496e-03
5.067963538940001289e-02
5.067963538940001289e-02
3.794591380258305335e-02
3.794591380258305335e-02
1.348559972496388148e-03
9.998680163847695201e-03
1.205674444773258136e-02
1.292752288352799761e-02
5.817981552883605412e-02
7.559556672843087410e-02
7.460507958054640731e-02
3.320347049800664863e-02
4.369415969489093277e-02
4.369415969489093277e-02
4.872507802359232754e-02
4.872507802359232754e-02
4.808442237133830899e-02
4.216805062219114442e-02
3.006964002936396430e-02
4.216805062219114442e-02
2.472442339934877165e-02
2.560658169899049375e-02
1.885017998283294860e-02
5.067963538940001289e-02
5.067963538940001289e-02
5.067963538940001289e-02
3.794591380258305335e-02
3.794591380258305335e-02
1.103864804876641958e-02
3.648904335830394086e-02
1.791710463762935523e-02
1.153279842684884482e-02
5.928913974445737534e-02
6.669070276546845699e-02
6.030213666047895549e-02
4.796007949528668934e-02
4.369415969489093277e-02
1.942407838670179299e-02
4.577170130918445379e-02
4.872507802359232754e-02
8.121332535544256714e-03
2.298983709333146663e-02
4.018408924635141766e-02
-2.170863252253685260e-03
3.315565848775731128e-02
2.321968373046012779e-02
3.739822682411708676e-02
3.902979344508250570e-02
4.193983697871389582e-02
3.902979344508250570e-02
2.498318511526487207e-02
3.794591380258305335e-02
7.234752486157569606e-03
-1.070964891152492715e-02
3.555796976060016101e-02
1.190848394841553803e-02
1.667795724764664644e-02
6.669070276546845699e-02
7.030244913030903042e-02
1.928316026109899717e-02
4.133885777011053753e-02
4.369415969489093277e-02
4.808442237133830899e-02
4.527244486029136095e-02
4.872507802359232754e-02
3.006964002936396430e-02
9.795939575068635108e-03
3.006964002936396430e-02
3.626751759405855147e-02
3.626751759405855147e-02
2.472442339934877165e-02
5.067963538940001289e-02
5.067963538940001289e-02
5.067963538940001289e-02
2.889224127719280943e-02
2.498318511526487207e-02
2.290980453927105032e-02
3.905948827511140919e-02
2.069919842761763773e-02
-2.002112110876308471e-02
1.170954919666733485e-02
3.746842630696800569e-03
6.624341992357746234e-02
3.320347049800664863e-02
4.369415969489093277e-02
3.559778096423116267e-02
4.872507802359232754e-02
4.156472464949495516e-02
4.872507802359232754e-02
4.018408924635141766e-02
4.018408924635141766e-02
4.018408924635141766e-02
-1.202030451600510919e-02
3.315565848775731128e-02
3.626751759405855147e-02
5.067963538940001289e-02
5.067963538940001289e-02
5.067963538940001289e-02
3.794591380258305335e-02
3.794591380258305335e-02
2.290980453927105032e-02
3.905948827511140919e-02
1.721931656840930414e-02
1.423954906163477085e-02
2.058214192813712096e-02
6.608914836307477891e-02
6.624341992357746234e-02
3.320347049800664863e-02
4.369415969489093277e-02
4.369415969489093277e-02
-3.671360617348407018e-02
4.808442237133830899e-02
4.409717733381085525e-02
4.216805062219114442e-02
4.018408924635141766e-02
3.006964002936396430e-02
6.556933516364438219e-03
3.315565848775731128e-02
2.560658169899049375e-02
3.902979344508250570e-02
3.902979344508250570e-02
4.288077050670768831e-02
3.794591380258305335e-02
1.943374034320222155e-02
9.553671896479154491e-03
3.397186446615896305e-02
1.361342395254044879e-02
1.423954906163477085e-02
6.544238402410618161e-02
7.322836501777363338e-02
7.460507958054640731e-02
3.559778096423116267e-02
4.369415969489093277e-02
2.619540172784129428e-02
2.918110838162341070e-02
4.872507802359232754e-02
4.924996727359659543e-02
1.105951387826487053e-02
1.297082018847095508e-02
3.367675843271789038e-02
2.472442339934877165e-02
3.315565848775731128e-02
2.472442339934877165e-02
4.288077050670768831e-02
3.343325281060449683e-02
2.823300549352281141e-02
2.498318511526487207e-02
1.943374034320222155e-02
8.403698966432560091e-03
6.355279452012091435e-02
3.585918567298396198e-03
2.358749352262445864e-02
6.595861031744554293e-02
1.665851589698263968e-02
5.917850303809690793e-02
3.301732837023163558e-02
3.412312025425551232e-02
2.727427706124940787e-02
5.299032776880407969e-02
3.814774077229665661e-02
5.358069231013989908e-02
4.913616630898315352e-02
3.194960739495372737e-02
1.646890055679017806e-02
4.205379526572033955e-02
-5.359393939052825573e-05
1.019053849106188459e-02
4.864830737653091930e-02
5.613787551492294137e-02
5.091627647877744467e-02
3.981294552644482065e-02
3.019779482639217694e-02
-1.442673938021354907e-02
1.794732459880887809e-02
2.349653741518437089e-02
2.808063774649899313e-02
6.089689285127591889e-02
6.447601488475940279e-02
7.302157824402605302e-02
3.018568563434187446e-02
2.652540241142986588e-02
3.994373246624810525e-02
-1.901129984291605179e-02
-5.654409218872613607e-03
4.783756119026910669e-02
3.822956008302585973e-02
-2.924150582427476053e-02
-3.456767051574138883e-02
4.205379526572033955e-02
2.704551392014525879e-02
4.079514831918823470e-02
5.145811629340213411e-02
4.995863624261454028e-02
5.925977325742215474e-02
3.249237616536682083e-02
4.963040940546042945e-02
3.419262567420006116e-02
5.243876887835874356e-02
2.772007967688600028e-02
2.577829616894872222e-02
2.826088014275351945e-02
6.447601488475940279e-02
7.302157824402605302e-02
3.018568563434187446e-02
2.515407983877637754e-02
3.092179901846892065e-02
5.336082682987824954e-02
2.492520374620932344e-02
2.919624275080273668e-02
3.829457627082544224e-02
3.822956008302585973e-02
3.376250902925514996e-02
1.059278356948600841e-02
3.819744119925705395e-02
2.715365123210983223e-02
5.307344538127894973e-02
1.327317622676937869e-02
5.334840310547650510e-02
4.889640022790009422e-02
4.166124489728595393e-02
1.629613560224030255e-02
2.956711315394672246e-02
2.703021621008716568e-02
2.929145261026444569e-02
6.782949965237095036e-03
7.616247930632064067e-02
7.287549831416895163e-02
-7.488995524007724391e-03
4.316618850302772481e-02
3.092179901846892065e-02
5.451350558086864861e-02
4.850028490569979756e-02
4.783756119026910669e-02
3.194960739495372737e-02
4.395289934492657702e-02
3.376250902925514996e-02
4.079514831918823470e-02
3.393837648451725197e-02
3.393837648451725197e-02
5.925977325742215474e-02
4.995863624261454028e-02
5.145811629340213411e-02
3.249237616536682083e-02
3.249237616536682083e-02
3.494891118884752013e-02
3.506848396177120186e-02
3.284788829526269494e-02
2.676919501169816584e-02
-1.294198574660299084e-02
8.820513914089889163e-03
7.302157824402605302e-02
3.193007237969736067e-02
1.995483818658383424e-02
3.193007237969736067e-02
-7.384881633831552605e-03
4.850028490569979756e-02
4.883974216326442130e-02
3.376250902925514996e-02
3.822956008302585973e-02
2.943443432948050775e-02
3.117667752078107091e-02
3.419567710077792144e-02
3.393837648451725197e-02
4.995863624261454028e-02
5.925977325742215474e-02
5.925977325742215474e-02
4.963040940546042945e-02
3.966229042803393057e-02
-7.280976677219719306e-04
2.700712924509723889e-02
3.122289794126043017e-02
2.832830701517863314e-02
6.296553360322554305e-02
7.278193456250892091e-02
7.375907023857164457e-02
1.995483818658383424e-02
4.039207583394605061e-02
4.168464398769533563e-02
4.850028490569979756e-02
5.451350558086864861e-02
1.628181107230686209e-02
3.323010847923313360e-02
4.202235232624029759e-02
3.822956008302585973e-02
3.117667752078107091e-02
1.893605695997935268e-02
3.393837648451725197e-02
4.864830737653091930e-02
5.566224795026314398e-02
5.805967385413979276e-02
4.963040940546042945e-02
4.963040940546042945e-02
2.730309081173565300e-02
3.506848396177120186e-02
3.017876435367605747e-02
1.037468976300232049e-02
5.947904070062043358e-02
7.240103468747532967e-02
7.302157824402605302e-02
3.301732837023163558e-02
5.567310456391916240e-03
4.271305257333274374e-02
-2.172716834871135649e-02
3.138452387612900019e-03
5.451350558086864861e-02
3.175775570865568831e-02
3.194960739495372737e-02
3.822956008302585973e-02
3.785290656392614750e-02
3.117667752078107091e-02
4.079514831918823470e-02
4.995863624261454028e-02
5.613787551492294137e-02
5.145811629340213411e-02
4.963040940546042945e-02
3.981294552644482065e-02
3.419262567420006116e-02
5.125464337022689332e-02
2.306608401117549167e-02
2.368021609041914832e-02
5.504761420874154654e-02
6.353983024292808590e-02
7.331882358353336571e-02
2.833244630412323772e-02
4.293729387699718458e-02
2.301863343586463273e-02
4.288812263614422138e-02
-3.774784037804812531e-02
-4.007965917390943211e-02
4.714242111346672592e-02
5.362397736693130801e-02
-2.107747281477090340e-02
3.571078751251649530e-02
4.461562626363552164e-02
4.644790759303568661e-02
7.234282914331374714e-02
6.372257996062241636e-02
8.753721348159437809e-03
6.314779834285294546e-02
6.314779834285294546e-02
-6.734310108830887653e-02
4.093600621031523445e-02
4.169040067724893994e-03
4.212379798655008223e-02
6.841292869073634098e-02
2.243233359705876229e-02
8.008824341622150511e-02
4.030059408289582423e-02
4.112688430143118801e-02
4.939417632512382861e-02
5.676750655681428448e-02
4.396286851897512893e-02
5.417676123732340088e-02
4.054425597222516275e-02
4.920566227710237994e-02
5.362397736693130801e-02
-2.081581752200512003e-02
4.228635780298573010e-02
2.175994531460900827e-02
7.234282914331374714e-02
7.234282914331374714e-02
7.234282914331374714e-02
5.507302852976442287e-02
6.314779834285294546e-02
4.887653738445335572e-02
6.455909098306467087e-02
4.225838136782605892e-02
4.114279245023699794e-02
7.474489644599630056e-02
7.178823936113537529e-02
7.123245116421805800e-02
3.604796550743821770e-02
6.375580110626222208e-03
5.030148118303462423e-02
1.489285795413586300e-02
5.855052962125195659e-02
-3.654980511931804621e-03
4.211372507574112634e-02
4.913616630898315352e-02
-1.144121301154710224e-03
4.934867666056824698e-02
5.392513816206007116e-02
5.392513816206007116e-02
6.790487352479912531e-02
5.454608426055573833e-02
3.323310633310128104e-02
5.507302852976442287e-02
6.314779834285294546e-02
4.887653738445335572e-02
4.093600621031523445e-02
3.134033976359379414e-02
4.114279245023699794e-02
6.387640156403373570e-02
7.178823936113537529e-02
7.123245116421805800e-02
4.025216552871091480e-02
3.857648849319894602e-02
5.030148118303462423e-02
5.787138105383460296e-02
5.676750655681428448e-02
5.855052962125195659e-02
5.362397736693130801e-02
4.913616630898315352e-02
4.920566227710237994e-02
4.228635780298573010e-02
4.934867666056824698e-02
4.687762815569873620e-02
6.596239784605284484e-02
7.234282914331374714e-02
6.372257996062241636e-02
6.314779834285294546e-02
6.314779834285294546e-02
4.887653738445335572e-02
6.622743868207858764e-02
2.114328744583465758e-02
4.345091127666722564e-02
-4.796019160372422263e-03
2.674353351850655702e-02
6.568437517885250543e-02
2.068313647040331826e-02
1.681575723945416545e-02
4.939417632512382861e-02
5.787138105383460296e-02
5.787138105383460296e-02
5.787138105383460296e-02
4.913616630898315352e-02
5.362397736693130801e-02
5.362397736693130801e-02
5.392513816206007116e-02
5.392513816206007116e-02
2.649543755452737903e-02
5.633297898740585730e-02
5.494869515375344626e-02
7.234282914331374714e-02
4.261882886600742992e-02
4.674460906377331249e-02
3.792445713137759800e-02
6.622743868207858764e-02
4.565497133487006476e-02
4.062429497147845847e-02
6.469291386058323434e-02
6.606605163256340507e-02
8.019948223456851988e-02
4.025216552871091480e-02
4.112688430143118801e-02
4.939417632512382861e-02
5.855052962125195659e-02
5.382792593220653288e-02
6.005991813939426383e-02
4.920566227710237994e-02
5.362397736693130801e-02
4.913616630898315352e-02
5.392513816206007116e-02
5.392513816206007116e-02
4.934867666056824698e-02
5.806055828703760024e-02
5.494869515375344626e-02
5.947049646466207040e-02
2.151983029508985901e-02
3.775518777684300220e-02
1.238363789206720078e-02
6.512719424806395763e-02
4.225838136782605892e-02
4.284816328598556323e-02
6.841292869073634098e-02
7.178823936113537529e-02
8.019948223456851988e-02
3.937447336733329584e-02
5.040299467816455881e-02
5.030148118303462423e-02
5.787138105383460296e-02
5.855052962125195659e-02
5.382792593220653288e-02
3.825524627734167016e-02
5.362397736693130801e-02
4.913616630898315352e-02
5.392513816206007116e-02
5.392513816206007116e-02
5.392513816206007116e-02
6.372257996062241636e-02
6.790487352479912531e-02
7.234282914331374714e-02
6.314779834285294546e-02
4.674460906377331249e-02
3.957290098052990146e-02
3.590678628547283591e-02
2.284454178318118256e-02
3.885153734910995471e-02
6.682078243627148639e-02
2.921733986284302809e-02
7.721215836137379496e-02
4.634899900248939941e-02
5.427021693410649661e-02
5.427021693410649661e-02
5.815165330210875227e-02
5.815165330210875227e-02
4.867438989782174596e-02
3.667243395555574992e-02
3.745659479659768643e-02
4.620871226658912478e-02
2.460052949076974027e-02
3.882968095683225762e-02
3.968458896104998246e-02
4.920761638262743931e-02
5.755019769651170680e-02
5.758063486098252692e-02
4.743173345691820142e-02
3.415204849085329286e-02
1.590544086589751327e-02
3.432087385016413528e-02
3.997924743198771891e-02
3.741442325323163232e-02
6.810195441276867268e-02
6.874501354295531330e-02
7.721215836137379496e-02
4.634899900248939941e-02
5.427021693410649661e-02
5.236100129622112131e-02
4.478600641978447428e-02
5.815165330210875227e-02
5.815165330210875227e-02
5.086280382199159789e-02
5.086280382199159789e-02
3.745659479659768643e-02
1.665644575508634651e-02
5.222141916734945877e-02
5.222141916734945877e-02
5.094157077475736095e-02
5.910431513593245034e-02
5.758063486098252692e-02
4.333968282477590472e-02
4.644573741756152785e-02
3.252795300544664148e-02
6.106732926270824757e-02
4.248718239827031784e-02
1.335489397292605185e-02
6.622098324932057523e-02
7.970422507225999320e-02
7.405842351444824612e-02
4.634899900248939941e-02
3.893477648019827431e-02
5.427021693410649661e-02
5.815165330210875227e-02
-2.126436614009863391e-02
4.480697572280406549e-02
1.805971550023000027e-02
4.620871226658912478e-02
2.238172293212992159e-02
5.347273213221659383e-02
5.355554970023540529e-02
5.355554970023540529e-02
5.910431513593245034e-02
8.578183564737162925e-03
5.758063486098252692e-02
3.381616388828012632e-02
4.743173345691820142e-02
1.670006882959640393e-02
5.866327350506150839e-02
6.142094064259168151e-02
1.629052449352230703e-02
1.492620582141501728e-02
6.874501354295531330e-02
6.582958221349122230e-02
2.898103997917411689e-02
3.122932470233075186e-02
5.427021693410649661e-02
5.815165330210875227e-02
5.815165330210875227e-02
5.815165330210875227e-02
2.219163676212743130e-02
5.086280382199159789e-02
5.086280382199159789e-02
4.538877341652469699e-02
5.222141916734945877e-02
1.665644575508634651e-02
5.094157077475736095e-02
5.910431513593245034e-02
5.758063486098252692e-02
3.638681584305636374e-02
4.333968282477590472e-02
3.268350794578067653e-02
6.355279452012091435e-02
3.277101920851860362e-02
4.003168792179168101e-02
1.897576235773257292e-02
1.360023644066132853e-02
6.582958221349122230e-02
2.898103997917411689e-02
4.896638299187255905e-02
4.440816291010829531e-02
5.098230251171725902e-02
5.815165330210875227e-02
5.187128792301748392e-02
4.617323405918261070e-02
5.086280382199159789e-02
5.086280382199159789e-02
4.945763208085762752e-02
5.347273213221659383e-02
5.347273213221659383e-02
5.910431513593245034e-02
2.740052529495884404e-02
4.770108190328897768e-02
4.333968282477590472e-02
4.743173345691820142e-02
3.289191369845456681e-02
2.567088707934406244e-02
4.562768764150970657e-02
3.741442325323163232e-02
2.012753022321145391e-02
6.874501354295531330e-02
7.721215836137379496e-02
2.898103997917411689e-02
4.896638299187255905e-02
3.718521985700407040e-02
5.815165330210875227e-02
5.815165330210875227e-02
5.815165330210875227e-02
5.086280382199159789e-02
5.086280382199159789e-02
5.086280382199159789e-02
4.538877341652469699e-02
5.347273213221659383e-02
5.222141916734945877e-02
5.758063486098252692e-02
1.189988480657422354e-02
5.910431513593245034e-02
4.743173345691820142e-02
4.743173345691820142e-02
3.268350794578067653e-02
6.355279452012091435e-02
4.507618049070888366e-02
3.487910675474997779e-02
6.631239489980639279e-02
7.703073674391863745e-02
7.721215836137379496e-02
4.440816291010829531e-02
5.427021693410649661e-02
3.583483266088582919e-02
2.469170153430555459e-02
5.815165330210875227e-02
4.982099211596763277e-02
4.617323405918261070e-02
3.810482179613494669e-02
3.731448544388682453e-02
3.475340648966984691e-02
4.945763208085762752e-02
3.546248960491193980e-02
5.094157077475736095e-02
5.452535520328766205e-02
5.910431513593245034e-02
4.743173345691820142e-02
4.743173345691820142e-02
3.271585940097487821e-02
4.245355284997476275e-04
1.256674137419827586e-02
-2.578058267425009653e-02
5.901399691457887009e-02
7.205920939558174698e-02
7.870760266310977693e-02
2.825059608266733413e-03
4.778840199163536528e-02
3.439033684485864883e-02
4.474761112026431897e-02
4.474761112026431897e-02
4.836095330898254607e-02
3.407903413029139683e-02
4.157037232083438116e-02
4.785530910557050932e-02
5.163509502579571864e-02
1.800018055641611214e-02
2.579366206945848949e-02
5.960396689670688364e-02
6.599352232853955558e-02
6.150047362483201940e-02
4.602746395731854845e-02
3.711364793842736320e-02
2.131814311481161628e-02
3.497071772355625496e-02
3.714747339453100539e-02
4.092200172478499542e-02
6.640049552674570643e-02
7.963518247072981504e-02
4.691981694243241297e-02
2.207447454168642853e-02
3.974607512505967666e-02
4.945614525415087392e-02
-2.802091594411715292e-02
5.363092142982323063e-02
5.748019696396833300e-02
5.088360242804457201e-02
5.222965033923171463e-02
4.785530910557050932e-02
3.677175601064530674e-02
4.638803697797533321e-02
5.147858906182928296e-02
5.126652154377103754e-02
5.603081722868546999e-02
6.150047362483201940e-02
6.051979929556083881e-02
4.924092964609916301e-02
3.454761116528054510e-02
6.371263424394524311e-02
4.595687886459159932e-02
3.990350155203803428e-02
6.640049552674570643e-02
6.980511690665713864e-02
6.982461566065550906e-02
3.913033754468175918e-02
2.996871573937931466e-02
4.945614525415087392e-02
4.129403866500985787e-02
5.600350852311436478e-02
-4.521568173491918863e-03
-2.965794395415333184e-05
4.362332326220147438e-02
-8.833203899118236002e-03
5.163509502579571864e-02
5.147858906182928296e-02
4.638803697797533321e-02
5.960396689670688364e-02
1.734608687745242683e-02
1.136620173449809368e-02
5.731917179942480622e-03
6.051979929556083881e-02
3.004977804121111706e-02
3.651801203487337055e-02
5.407933517448354488e-02
4.020000363674702815e-02
7.034894931607432733e-02
6.979053197326279268e-02
7.036623313462370133e-02
3.925391063467226216e-02
3.896762268633419124e-02
4.945614525415087392e-02
5.600350852311436478e-02
-1.592083127997712122e-02
5.600350852311436478e-02
4.785530910557050932e-02
4.225275829669072891e-02
-1.140153102747998304e-02
4.790366067418128093e-02
4.790366067418128093e-02
4.638803697797533321e-02
5.950205282251680439e-02
-2.451464175008422064e-02
6.133516304381997353e-02
2.492688304376433628e-03
6.051979929556083881e-02
1.763995500419801576e-02
6.271138293955730303e-02
3.294195135494837334e-02
4.020000363674702815e-02
2.798790096853775999e-02
2.579325637575080599e-02
5.018723130905644592e-02
3.696182751435767022e-02
4.590929870647908473e-02
3.943772741958795347e-02
5.600350852311436478e-02
5.600350852311436478e-02
5.748019696396833300e-02
5.222965033923171463e-02
4.785530910557050932e-02
4.785530910557050932e-02
5.147858906182928296e-02
4.790366067418128093e-02
4.751998426447734403e-02
2.510372703624141888e-02
5.686221886352138544e-02
6.609404162268184280e-02
6.051979929556083881e-02
4.924092964609916301e-02
2.866163384743014575e-02
3.773744093952074996e-02
6.315658911809235443e-02
3.990350155203803428e-02
6.688192856169300482e-02
6.980511690665713864e-02
7.036623313462370133e-02
2.575474151261969435e-02
3.231940158884483161e-02
4.945614525415087392e-02
5.453343454864312267e-02
5.568325397593942849e-02
5.748019696396833300e-02
4.785530910557050932e-02
5.021342316581417498e-02
2.526360750920358944e-02
-3.008020304721514826e-02
-2.509826467360909419e-02
4.823454545150873685e-04
-5.479286059620636085e-02
4.039686853897328511e-03
2.237015084821369904e-02
1.544216586706992356e-02
4.935840137185371068e-02
4.616878157875592414e-02
-9.199344287397870357e-02
